0.4967141530112327	-0.1382643011711846
0.6476885381006925	1.5230298564080254
-0.2341533747233359	-0.2341369569491805
1.5792128155073917	0.7674347291529088
-0.4694743859349521	0.5425600435859647
-0.4634176928124622	-0.4657297535702568
0.2419622715660341	-1.913280244657798
-1.7249178325130328	-0.5622875292409727
-1.0128311203344238	0.3142473325952739
-0.9080240755212108	-1.4123037013352917
1.465648768921554	-0.2257763004865356
0.0675282046879238	-1.4247481862134568
-0.5443827245251827	0.110922589709866
-1.1509935774223028	0.3756980183456719
-0.600638689918805	-0.2916937497932768
-0.6017066122293969	1.8522781845089376
-0.0134972247379339	-1.0577109289559004
0.822544912103189	-1.2208436499710222
0.2088635950047554	-1.959670123879776
-1.3281860488984305	0.1968612358691235
0.7384665799954104	0.1713682811899705
-0.1156482823882405	-0.3011036955892888
-1.4785219903674274	-0.7198442083947086
-0.4606387709597875	1.0571222262189155
0.3436182895684614	-1.763040155362734
0.324083969394795	-0.3850822804163165
-0.6769220003059587	0.6116762888408679
1.030999522495951	0.9312801191161986
-0.8392175232226385	-0.3092123758512146
0.3312634314035639	0.9755451271223592
-0.4791742378452899	-0.1856589766638171
-1.1063349740060282	-1.1962066240806708
0.812525822394198	1.356240028570823
-0.0720101215803338	1.0035328978920242
0.3616360250476341	-0.6451197546051243
0.3613956055084139	1.5380365664659692
-0.0358260391099515	1.5646436558140062
-2.6197451040897444	0.8219025043752238
0.0870470682381712	-0.2990073504658674
0.0917607765355023	-1.9875689146008928
-0.2196718878375119	0.3571125715117464
1.477894044741516	-0.5182702182736474
-0.8084936028931876	-0.5017570435845365
0.915402117702074	0.3287511096596844
-0.5297602037670388	0.5132674331133561
0.0970775493480403	0.9686449905328892
-0.7020530938773524	-0.3276621465977682
-0.3921081531321576	-1.4635149481321186
0.296120277064576	0.2610552721798893
0.0051134566424608	-0.2345871333751469
-1.4153707420504142	-0.420645322765359
-0.3427145165267695	-0.8022772692216189
-0.1612857116660091	0.4040508568145384
1.8861859012105304	0.1745778128318389
0.2575503907227643	-0.0744459157661672
-1.9187712152990413	-0.0265138754492168
0.0602302099410264	2.463242112485286
-0.1923609647811225	0.3015473423336124
-0.0347117697052433	-1.168678037619532
1.1428228145150203	0.7519330326867741
0.7910319470430469	-0.9093874547947388
1.4027943109360992	-1.4018510627922809
0.5868570938002703	2.1904556258099785
-0.9905363251306885	-0.5662977296027719
0.0996513650876412	-0.5034756541161992
-1.5506634310661327	0.0685629748060273
-1.0623037137261049	0.4735924306351816
-0.9194242342338032	1.5499344050175394
-0.7832532923362371	-0.3220615162056756
0.8135172173696698	-1.2308643164339552
0.2274599346041294	1.307142754282428
-1.6074832345612275	0.1846338585323042
0.2598827942484235	0.7818228717773104
-1.236950710878082	-1.3204566130842763
0.5219415656168976	0.296984673233186
0.2504928503458765	0.3464482094969757
-0.6800247215784908	0.2322536971610035
0.2930724732986812	-0.7143514180263678
1.8657745111447568	0.4738329209117875
-1.1913034972026486	0.6565536086338297
-0.9746816702273214	0.787084603742452
1.158595579007404	-0.8206823183517105
0.9633761292443218	0.4127809269364983
0.82206015999449	1.8967929826539476
-0.2453881160028705	-0.7537361643574896
-0.8895144296255233	-0.8158102849654383
-0.0771017094141042	0.3411519748166439
0.276690799330019	0.8271832490360238
0.013001891877907	1.4535340771573169
-0.2646568332379561	2.720169166589619
0.6256673477650062	-0.8571575564162826
-1.0708924980611123	0.4824724152431853
-0.2234627853258509	0.714000494092092
0.4732376245735448	-0.0728289126568727
-0.846793718068405	-1.5148472246858646
-0.4465149520670211	0.8563987943234723
0.2140937441302039	-1.245738778711988
0.173180925851182	0.3853173797288368
-0.883857436201133	0.1537251059455279
0.0582087184459998	-1.142970297830623
0.3577873603482833	0.5607845263682344
1.083051243175277	1.053802052034903
-1.377669367957091	-0.9378250399151228
0.5150352672086598	0.5137859509122088
0.5150476863060479	3.852731490654721
0.570890510693167	1.135565640180599
0.9540017634932024	0.651391251305798
-0.3152692446403456	0.7589692204932674
-0.7728252145375718	-0.2368186067400088
-0.4853635478291034	0.0818741393863225
2.3146585666735087	-1.867265192591748
0.6862601903745135	-1.6127158711896517
-0.4719318657894334	1.088950596967366
0.0642800190954627	-1.077744777929306
-0.7153037092599682	0.6795977489346758
-0.7303666317171367	0.2164585895819748
0.0455718399038137	-0.6516003476058171
2.1439440893253257	0.6339190223180112
-2.025142586657607	0.1864543147694276
-0.661786464768388	0.852433334796224
-0.7925207384327007	-0.114736441466899
0.5049872789804571	0.8657551941701215
-1.2002964070557762	-0.3345012358409484
-0.4749453111609562	-0.6533292325737119
1.7654542402810969	0.4049817109609555
-1.2608839543350452	0.917861947054776
2.122156197012633	1.0324652605511468
-1.5193699659540134	-0.4842340728662513
1.2669111491866227	-0.7076694656187807
0.4438194281462284	0.7746340534293368
-0.926930471578083	-0.0595253560618
-3.241267340069073	-1.0243876413342898
-0.2525681513931603	-1.2477831819648495
1.6324113039316352	-1.430141377960633
-0.4400444866969837	0.1307405772860913
1.4412732890661155	-1.4358621511794394
1.1631637521549596	0.010233061019587
-0.9815086510479508	0.4621034742632707
0.19905969557347	-0.6002168771587947
0.0698020849900189	-0.3853135968617602
0.113517345251248	0.6621306745210467
1.586016816145352	-1.237815498826849
2.133033374656266	-1.9520877995225017
-0.1517850950355833	0.5883172064845765
0.2809918677350326	-0.6226995198205938
-0.2081222503572752	-0.4930009346588328
-0.5893647569442115	0.8496020970210246
0.3570154859650473	-0.6929095952606542
0.8995998754332507	0.3072995208766093
0.8128621188389601	0.6296288419236122
-0.8289950109220723	-0.5601810401969696
0.7472936051232618	0.6103702654334648
-0.0209015939641481	0.117327383308782
1.277664895788425	-0.5915713888358299
0.5470973811700379	-0.202192652433894
-0.2176812032272203	1.09877685198719
0.8254163489880298	0.8135096360006385
1.305478807154329	0.021003841632759
0.6819529712949639	-0.310266756593456
0.3241663524884421	-0.1301430543676845
0.0969959649927181	0.5951570254369136
-0.8182206832334725	2.09238727568546
-1.006017381499702	-1.2141886127877322
1.1581108735000678	0.7916626939629359
0.6241198170521551	0.6283455092642799
-0.0122467728469146	-0.8972543714858315
0.0758045581937263	-0.6771617115121117
0.9751197334177512	-0.1470573815021386
-0.8254971967925115	-0.3213858416529934
0.4129314542756243	-0.5637245528039747
-0.8222203955664315	0.2436872114919123
0.2449665711087227	-0.5069431753711298
-0.4710383056183228	0.2320499373576363
-1.448084341497324	-1.4074637743765552
-0.718444221252436	-0.2134471517118472
0.3109075655980046	1.475356216949552
0.8576596232020194	-0.1599385299634271
-0.0190162079026888	-1.0025293646378088
-0.0185131359923899	-0.2886586389201383
0.3227185603380895	-0.827230943552323
0.5193465142411723	1.5327389130025777
-0.1087601484568576	0.4017117220989414
0.6901439917111125	-0.4012204718858362
0.2240924818104167	0.0125924007817948
0.0976760985488317	-0.7730097838554665
0.0245101742589427	0.4979982912454497
1.4511436077950417	0.9592708260852068
2.1531824575115563	-0.7673475628880495
0.8723206367206782	0.1833420057383517
2.1898029332176723	-0.8082982853551515
-0.8397218421807761	-0.5993926454440222
-2.123895724309807	-0.525755021680761
-0.759132661553698	0.1503937864762076
0.3417559757771594	1.8761708392158865
0.9504238381860504	-0.5769036556624031
-0.898414671348358	0.4919191715065057
-1.3202332070206422	1.8314587658543535
1.179440120721287	-0.4691756521047048
-1.7131345290908775	1.3538723741654128
-0.1145398452526178	1.2378163119734618
-1.594427658794367	-0.5993750229537729
0.0052436997181831	0.046980593764742
-0.4500654714792436	0.6228499323474987
-1.0676204293825944	-0.1423794850212935
0.1202956317118988	0.514438834058749
0.7116148780888898	-1.1246420918378692
-1.5341141707356225	1.277676821898509
0.3323140119795916	-0.7484865365565536
1.551151975522523	0.1156746342928586
1.1792971840638264	0.0675184814101089
2.060747924881987	1.7553408424432044
-0.2489641484790735	0.9715709509543554
0.6453759495851475	1.3686315575323489
-0.9649234605801044	0.6860514599984393
1.0584244868495878	-1.7587394864231145
-1.183258512665775	-2.039232177760101
-0.2694068344445577	0.7175422557959623
1.502357052096028	0.0740947804197751
1.6286155455712918	-1.3801014582148914
-1.7033824393551549	-0.0555476988966187
0.3840654489393073	-0.0326947480940931
-2.0674421000398766	-0.0891200395127884
-1.3044695005048532	0.6696725488300385
0.3665982460968482	-0.9398797863273552
-0.5138669173366935	-1.0592135218889516
-0.0626790972731718	0.9551423205012384
-0.9857260463355436	0.5040465155178444
-0.5302576183724408	-0.7928728322623442
-0.1070303599545578	-1.035242322419374
-0.553649305347182	-1.1978778925888485
1.9647251329163893	0.0352635519717286
-0.6997255079925856	0.213979910734222
-0.1123280496908298	-0.2209695995332229
0.6141667000434252	0.7575077100473051
-0.5305011476105275	-0.57581824064468
-0.275051697151644	-2.301921164735585
-1.5151910621985525	1.366874267444525
1.6449677135012837	-0.2490360395563783
0.5765569630557664	0.3112501545435361
3.0788808084552377	1.1195749114345768
-0.1279175914807665	-0.9555404406004258
-1.6064463202575725	0.2034636358672231
-0.7563507452843033	-1.4222537095976742
-0.6465728842425266	-1.081548003614395
1.6871416350725648	0.8816397569494505
-0.0079726413166173	1.479944138890026
0.0773683076476183	-0.8612842013282637
1.5231240772696573	0.5389100436846587
-1.0372461543264564	-0.1903386780836082
-0.8756182533847572	-1.382799730964336
0.9261775475316414	1.9094166404701305
-1.3985675738191412	0.5629692366905709
-0.6506425691218269	-0.487125383764696
-0.5923939242388692	-0.863990769679816
0.0485216279448269	-0.8309501164110378
0.2704568257798388	-0.0502381094491369
-0.2389480468664097	-0.907563662041598
-0.5767713305683327	0.755391225825756
0.5009171876243808	-0.977555244798551
0.0993323054292258	0.751387123371789
-1.6694052811213718	0.543360192379935
-0.6626237589458467	0.5705986685931593
-0.7632591565425169	-1.804882100664519
-1.6275424378831629	0.0480849466613819
0.2597225017214818	-0.9043166251044086
0.6385924587773739	-1.66152006226896
-0.0660797986473165	-1.211016199762457
-0.6518361078021592	0.047398671316414
-0.8604133652839524	-0.3845555442298253
1.0062928092144403	-0.5768918695231487
0.8356921120651418	-1.129706854657618
0.5298041779152828	1.4415686206579004
-2.4716445001272893	-0.7968952554704768
0.57707212718054	-0.2030453860429927
0.3711458733713088	-0.6039851867158206
0.0865897874728999	-0.1556772353920794
1.1677820616598074	0.2544208433012131
0.3376026620752022	-0.4118769661224674
-0.4876062240724935	-0.4325581878196209
0.3944521423782968	-0.4209844808202629
0.2897748568964129	2.075400798645439
0.8711247034316923	-0.3260235321678411
1.2012139221639448	-0.4080753730215514
-2.038124535177854	-1.008086310917404
-1.870791921025856	-0.3515134840413086
0.0184183791895517	1.6764373122752827
0.3269273737641626	-0.2191005288088642
0.8294055811834892	-2.211135309007885
0.2356145581085659	0.7708651938869668
-1.4785862457798415	1.143754043206929
0.3384964074944141	-0.4152879139008013
0.6327818661062848	2.270692857804396
0.1818662550584951	0.248220586300336
-0.4593608995402441	-0.8498443694647918
0.8303358165442456	-0.8560838259088672
0.0715662372193924	-0.4776574467651167
0.4789798257463918	0.3336621052869483
1.0375399442578992	-0.510016398854747
-0.2698749352933712	-0.9787637157823074
-0.4442932600761116	0.3773004930448522
0.7569886166453519	-0.9221653241776254
0.8696059201056602	1.355637858804951
0.4134349032237008	1.876795812558066
-0.773789199103573	-1.244654703311417
-1.7787202489042786	1.496044311489183
0.6543656563540577	-0.055584670910455
0.2799686263198203	-1.1254890472983765
2.4457519796168263	0.1292211819752275
0.1093947946048928	0.725766623898692
0.4810092317367132	0.2238840242791313
-0.7904744554453119	0.4714683571359957
1.8820244964750337	1.3454200461549777
1.593186626639397	-0.5112156764311852
-0.9896048202585808	-0.1257869200996481
0.0557249122886946	1.0941915184709483
-1.6924646297148194	1.5295503194606137
-0.1580078985789894	-0.42688106994742
-1.0121043752601675	-1.6548566718657691
0.8231705839619146	0.0733179671884038
-1.289960899741054	-1.295078772063616
-0.3357846992901282	1.669021525289393
-0.2595913513636048	-1.5031429531181062
-0.2457430640859443	-0.2727235697476705
-2.696886642941572	-0.0542948665178122
-0.2309345302086779	0.6962063648134184
1.8489560949453447	1.1265650295477574
-0.2688886905548305	-1.1065259087416703
2.5733598032498604	0.0592184340144882
0.0139292919129462	-0.0241250871100032
0.1980847607678549	-0.1443604119239424
-0.5736620068802363	-0.5468589412403921
-0.0327532702159983	-0.543424771133765
-0.7128457826771644	0.1064302276918968
-0.2549772174208553	1.5039929885826886
-2.650969808393012	1.0915068519224618
1.246085192497629	-2.073390232408149
-0.3426875940803487	-0.3714408659957914
-1.4075116947178212	-0.7778166875908753
-1.1105758454658288	1.7522704434236227
0.9356783931474612	1.2715550949941588
0.7216720640432351	-1.1290517712172292
-0.5245202662797737	0.489374561227918
-1.2221278088919454	0.7129984301723881
-0.240325398158135	-0.3748208075495975
0.7109599682034915	0.4442633114860397
-0.3609661658190799	1.159329803364248
-1.081063327599897	0.6159356069442637
0.5931012579683838	-0.3095464393139903
0.326133022242118	-1.251113576385303
0.924027019206901	-0.184902136442989
-0.5227230205190395	1.0490092258368893
-0.7043436905427592	-1.4084612963635597
-1.5566291735239035	0.6060099513456396
-1.280429352496283	1.7547941819843649
-2.081929407883722	1.6964563682900382
0.2110174672026184	-0.0967131118703923
-0.5449190868089497	0.3991361143520708
-0.0376347024248483	1.1033018820165217
0.1142276486620396	0.1503017614618776
-0.3636122122138558	-0.0569456237210674
0.3078017688920592	-1.7101683926566256
-1.348185422105713	0.743264094022715
0.1708654381279418	-0.1839833363526791
0.0184339330653931	0.347581705361671
-0.5397596803093615	-0.7783047254023127
0.1958452550976815	-0.978372777615032
0.4082527557144718	-1.7025836042378404
1.0291556373256436	0.472597482413043
0.2560297343138756	0.982690983945514
1.6654744444625766	1.0143700650181304
-1.8408742313316453	-1.2795769667357015
-0.6248185776956788	0.0260910502108337
0.517659020469123	-0.7257438131534656
0.1867667644770783	-0.7553829323533225
-0.6115178029919482	-1.4066610968482225
-0.9232332461109044	-1.3516846056163336
-0.9758732529773329	1.0536417966078395
-0.949398888831943	2.632382064837391
0.4933179008808892	0.1848361236948739
-0.8583577801812136	0.7003098794089914
-0.5756378262377739	0.1220098146453614
2.5600845382687947	-0.0960598997246498
1.1492733262856758	-0.7031764251258874
-0.0349884904969617	1.77080063563551
-0.6269670577877674	1.8124485579969287
0.7077519354554754	-0.5624667758942676
0.632407739055521	0.97255444962673
0.6218099622171964	-1.5702247198904564
-0.7271371758248686	-0.2475186355515047
-0.0744334291000462	0.620672097550678
0.1777010009332538	-1.3353443587101013
0.3801978510059632	0.6105857452838231
0.5597904479310398	1.0807807255546218
0.8339221545489041	0.4591800792284367
-0.070165711458647	-1.6609609335159914
0.4296182191325858	0.2076876871631111
0.2715788371953734	-1.2767485758203094
-1.0810565404082624	1.0531528533329035
-0.039555153856655	0.6815006973726244
0.0283183761304611	0.0297561394957451
0.9382838059759976	-0.5160447282173739
0.0961207769409833	-0.4622752887050425
-0.4344962274323156	-0.3091721234686393
0.2221337716337128	-0.4787486216634773
1.2557561255735208	-0.8946073022195039
-0.186871644161359	-0.4397310582741749
1.4469778843537329	0.1965547765115746
1.0318445394686349	-1.485560373036972
0.2670502658692588	0.889630795623437
0.0822839892754241	1.0654803750653512
-0.5172884501003722	1.40934744018558
2.2988981236192503	-0.362838560439659
-0.4455025214007718	1.453384477117701
1.5795721457307124	-0.5228600271532683
-0.4201868170958572	-0.2817846088605072
-1.344450511034277	-0.9186519464841982
-1.004140766752068	-0.7677975651041284
-0.0346848873867811	0.2342147325365207
1.5505004928140769	-0.998354040738791
0.9843223984765838	-0.2139888442255089
-0.0494637096524329	0.6748194921666038
-1.1227220215622986	0.3824097461840506
0.1664522082130561	0.4924512640081491
0.2891686439078181	2.4553001399108942
-0.637739984251316	-0.5309969550018176
-0.6231405264247644	-0.5554771191602547
-0.6373871273065177	1.1890165311075518
1.4205042479898549	-0.5707462937494763
-0.8323555731042287	0.4714155563864041
-0.5522230442809712	0.6329318177555108
0.2029230208512997	-1.515744114997232
1.5475052013300616	1.7958776730955217
-0.6127886904843862	-0.3877015599359841
0.2858653907249049	0.334456789987025
0.6585442726728304	2.0102045387663496
-0.1769472274940494	-0.7982972445384537
-1.3793192280145272	-0.7309300399419191
-0.033126972873797	1.7945578635177877
-0.5176112990361714	0.2237879516388985
-0.016422896072752	1.188393273448084
2.5269324258736217	-0.5308687729203206
-0.4894394425182221	1.044160877069072
0.6818914896263114	1.8467073257360336
0.5839281853259639	-0.3592920907870595
0.5906548306923093	1.1087035805829075
0.820482181197364	0.5072740311072977
1.066674689589154	1.1692955904456728
1.3821589910375272	0.6487098875896427
-0.1671180803168543	0.1467136864333228
1.2065089665083568	-0.8169356709872361
0.3686733088729012	-0.3933388123273607
0.0287448229348174	1.2784518626072987
0.1910990680199033	0.0464365481561488
-1.3598561409799192	0.7462535660272207
0.6454841811410754	2.16325472330546
-0.3077782349530008	0.2191503276639389
0.2493836837107552	1.5774532797634744
-0.0952955323869521	0.2790215257703392
0.6078965097165392	0.1866091231563581
-0.4464336145505282	0.1940899928983075
1.073631749859772	-1.0265152994110602
0.132969674146876	-0.7001208149391732
1.1950466289248425	-1.5231869047837747
-0.5589218472715883	0.3772118750645208
1.5655240292343404	-0.0657502610729878
-0.5551995266931984	1.88115706944059
-1.448013900416244	-2.198805956620082
0.4400144500533324	-0.5020542243526112
-1.0212328171307132	0.7083564472993533
0.2438007137711988	-0.5640786307367284
-1.2803043986708944	0.8724573282801447
0.650201177958661	-0.0991758637793829
1.8466369960476656	-1.0700847663261526
-1.5255251709247388	-0.6919080698812444
-0.0455860163554978	0.2433394493226918
-0.2412360578563298	0.3520553965142968
-1.251539424190444	1.4437646040732597
-0.0821511783925688	1.1172958315881276
0.3427253463777041	0.4567532191537839
0.5697672802322039	0.4477085600173149
0.485127	-0.106547
-0.126442	0.669894
0.627254	0.648197
-0.207886	-0.198941
-0.222718	1.583526
-0.217336	0.781604
1.517336	0.755458
0.727576	-0.428786
-0.457813	0.536762
0.505672	-0.435773
-0.456672	-0.038596
0.438466	-0.282928
0.219500	-0.871032
-1.393437	0.366551
-1.637375	-0.569420
-0.547146	0.180299
-0.902264	-0.342981
0.281898	0.323528
-0.865660	-1.365313
-0.126435	-1.385458