5.4930	-4.9723
4.9568	6.2155
3.1999	-0.3967
6.7288	5.9360
4.4523	-2.8625
3.1911	-4.4639
-5.7941	7.5505
-4.5536	1.6654
-3.4998	9.0628
6.9141	6.0905
-8.0965	3.2888
5.9084	-6.2402
3.4861	9.9554
9.5944	4.6929
-3.9072	-5.3042
-7.3783	7.3169
2.0955	-0.9708
-4.2044	-6.4193
-5.4833	-4.2144
-4.8719	-7.5145
6.8869	-5.3519
2.6512	-5.3132
5.5714	-6.9895
-4.5642	4.6824
9.0626	2.6458
-3.2597	-7.0007
3.6277	9.2109
3.3299	-4.6691
5.6840	-1.7542
3.5660	-4.8957
7.8983	5.4347
-7.0392	-5.1310
6.8267	-6.8834
2.1517	7.5538
1.5154	6.6729
-4.6091	2.0622
6.2535	5.9850
-7.2282	-4.3087
-3.9147	5.4066
1.3273	-3.8046
-4.7487	5.3307
11.7735	-2.5369
-4.8774	7.4072
5.4323	6.5598
-4.3841	2.5239
-4.7593	6.5967
-6.0195	-6.0246
-4.3818	-6.3699
-5.4916	-3.4292
-4.1018	1.2543
3.9370	8.4628
-6.5445	-5.7209
3.7704	5.8299
-7.9578	2.9790
-0.8595	7.9599
-5.0763	5.5153
-3.2124	-2.0163
0.4516	-5.1961
7.3090	3.8225
5.0539	-3.9044
5.7427	-5.9061
-7.4700	5.8413
7.5948	-6.0322
6.3085	6.8775
-2.4410	-4.9775
7.6427	-5.8978
5.7070	5.9282
8.9549	6.4099
4.5805	5.4784
-1.1160	-4.1090
-3.5512	9.4224
-6.1500	7.3078
3.3360	-8.1290
5.2647	-3.8682
-4.4489	-4.2378
-3.9589	-5.1602
-5.1544	1.3459
6.5003	-5.6826
-4.4367	7.1619
8.0786	7.0342
-1.5249	3.8497
6.3731	-3.6176
5.8403	5.9461
-7.2091	3.3108
-4.5691	2.8476
6.8494	3.5642
-7.6407	-5.7359
-2.9671	4.5932
-4.4996	-2.1243
-0.9323	7.4784
-2.9012	-3.5669
-6.1655	-3.8708
-4.8675	0.4191
3.9894	-6.8697
-6.2966	-3.1309
-3.7154	4.2096
4.8193	7.4581
-7.7213	-7.9050
7.0203	1.5449
-0.3313	-2.7286
-5.5399	-6.6582
-5.0788	-1.5578
2.8228	7.0697
-6.3746	5.0574
-6.0134	-2.6743
5.2149	-6.7006
4.4063	-7.1533
6.8385	-7.4854
-1.5257	-3.3116
3.7893	3.5224
1.6438	3.4778
-3.8612	3.4034
1.4954	5.9690
4.4301	4.5680
7.0159	5.7623
6.1502	3.7379
-6.3238	-0.9250
-3.8517	-4.3466
-3.7685	7.3777
-5.3548	-4.1111
-1.4950	3.8753
5.1312	3.5767
-7.6887	6.5686
-6.2149	6.3924
-6.3453	1.9053
-3.5604	4.8777
-0.8504	-4.6159
3.9711	5.7623
-5.5822	0.9844
8.7117	-3.0604
6.1959	4.1846
5.1067	-6.8281
-4.3711	5.7358
4.7607	-4.1162
5.8111	4.1347
7.3285	-8.8692
-4.6190	-4.1523
-7.1469	7.3180
-7.1792	-6.2459
-5.9244	4.3801
-12.1308	-7.2537
2.8727	4.8950
-5.9801	8.1974
9.5656	3.4838
5.1574	-6.0508
-8.5365	-4.5938
-3.4429	3.7626
-3.7440	-2.5018
7.5945	-4.8515
2.3033	1.7784
-8.0345	3.3920
5.2925	3.4597
4.4743	-6.9966
4.6192	5.0343
6.4052	2.4854
-4.2712	-2.8538
6.8159	-3.2103
-8.2527	-6.5837
-4.5405	-9.3113
3.8695	-7.3303
-5.5151	-5.5151
-1.9593	6.4272
6.9191	-4.5966
-2.9861	-4.2767
-4.3913	-3.1802
1.2311	-2.0215
-8.9132	8.2913
7.2497	10.3675
-6.4892	-3.6543
8.8006	5.9599
4.0184	0.8430
-7.2266	1.3593
5.2818	3.5017
-5.5287	4.1754
0.8843	-5.7733
-4.9714	-1.8022
-3.2117	-3.6148
5.7540	6.0049
-2.4716	3.4530
-5.9681	-4.7124
3.0736	-8.0422
-4.7864	-2.8690
7.0376	-0.7993
4.7186	-7.1022
8.1925	-2.8896
-4.0548	5.4569
4.5139	5.0591
-3.1904	-7.6859
3.4194	-5.4696
-2.9358	3.8647
-4.8085	-5.6578
6.3512	-3.3335
6.2696	-5.4467
3.8329	-6.2668
-10.8321	7.4013
6.0538	-4.2659
-3.3346	2.9712
1.8142	-8.0964
4.9593	-5.6350
7.4380	2.7122
5.4424	7.3114
-3.7006	7.4391
-5.2544	-5.6624
-6.8884	6.5407
4.3949	-10.0642
2.7964	4.3816
-5.0764	-7.5711
4.4693	5.7745
1.4923	-6.3186
-5.3476	4.0609
2.7533	6.5584
7.1453	-5.3235
3.1071	-5.8460
-6.3214	-5.6417
4.8425	4.9181
-1.7756	-5.4967
4.9438	7.5800
-5.7539	4.1828
-7.4339	-7.6317
-5.3339	-3.7057
-2.8345	4.5292
6.4304	4.7818
-5.5081	6.5317
-1.3360	7.2316
4.8589	5.7233
-3.5751	-1.6493
-3.6235	-6.8857
-4.8464	-5.8477
-5.5711	1.6931
-6.5683	5.2341
1.7471	-2.4837
2.5882	1.8319
-2.7359	6.0397
-9.4553	-4.5898
-3.8890	-3.0953
4.4073	-3.4214
3.1839	-5.7070
4.0226	-4.1699
-4.3552	-6.5716
-5.9559	4.3198
-7.7739	-2.9807
5.1730	0.6040
6.4351	1.5319
7.0909	-6.2692
-6.5496	1.9014
1.6249	-2.1891
5.7519	-0.8724
-5.0729	8.9480
4.9540	-4.7419
4.2952	5.9332
-1.8292	-8.1589
2.1302	-3.5267
-7.1443	-3.2684
2.8385	4.5058
8.4442	4.8553
5.8065	-7.0677
0.0922	-9.1080
4.0049	-0.3325
-5.0721	3.8045
5.8165	-6.3288
-8.1138	-5.9254
-2.7318	-2.9512
9.5336	-1.1383
-4.5621	-6.3205
3.8334	-6.7443
6.3497	2.7499
-4.2146	-6.5244
-2.9415	7.7974
7.2826	-6.1220
3.3413	4.3825
-6.7002	-5.5210
0.0576	4.2018
0.6322	4.7887
7.2666	5.5253
-8.7948	-6.2370
-5.0828	7.4273
-5.1696	-4.2495
-6.7232	-5.7085
-10.9332	4.8806
-3.1654	6.0102
4.7480	-2.2768
2.8772	-3.4907
3.6238	5.8708
5.1702	-6.8948
4.0099	-3.6297
0.5161	-7.2178
6.2101	2.8696
-3.1890	5.1613
-5.5916	2.5656
5.3958	8.0624
6.9694	6.3974
-6.8463	-5.6803
-5.8626	-8.2197
-5.0770	8.8958
2.8251	2.5721
-2.2128	-6.5569
-6.4559	-3.1246
-5.0297	-7.3270
0.3274	-6.1567
-3.8669	3.4760
-6.0383	-2.6043
-6.7023	2.2618
-3.3754	-4.6230
5.0632	7.8126
-4.5358	4.7872
4.7529	-5.4861
2.8314	-3.8911
3.4606	-4.5292
-2.3457	3.2027
-6.1875	3.2877
-3.4902	-8.5480
-5.7540	-6.7650
-5.1584	-2.7922
1.8144	0.1626
6.9165	-5.7173
-2.7299	1.7318
-7.4433	8.8550
-6.3481	4.1471
-9.5802	8.7322
-3.6320	1.5455
9.7370	-6.6882
-5.1088	6.4846
-6.5997	4.4555
-4.7885	3.9830
6.1426	-1.6280
0.6614	5.1303
2.8189	0.2625
6.4198	-1.9890
-6.1976	-4.7560
-4.7808	-6.1076
-7.1771	4.7233
-7.1593	-3.9834
-9.0499	2.1849
-4.5113	3.9468
7.1918	3.9137
4.9825	-1.7441
8.5830	-8.0362
4.9464	9.7130
6.5183	-5.8827
-5.5556	-7.7451
-6.9569	-6.7948
4.7645	-7.2775
3.5943	2.0892
-4.4025	2.1912
6.2036	-5.4448
5.6658	3.3406
4.2924	9.5688
-1.9139	-8.0841
3.1526	-6.3187
6.0869	5.5735
-3.7089	-0.1810
5.4926	8.0011
8.3075	6.9302
-6.0449	-6.4373
-6.1988	5.8781
5.8449	-5.0719
0.3807	5.2843
8.5502	5.9978
-0.4376	-6.7532
-4.7981	-9.3727
-8.0309	-7.0632
-4.6241	4.5952
5.2185	-3.3469
-4.5290	-7.7406
1.9232	-3.7615
-7.6209	-3.5556
8.5079	3.1367
5.5364	3.7590
4.5211	-2.5827
-4.9694	4.9469
3.7434	6.2597
-6.9445	-4.6618
-2.8806	-4.0919
-9.2213	-5.0583
-4.3638	10.4017
4.9582	-7.2056
4.8546	-7.6642
-6.3793	8.9874
-3.4359	5.9774
7.3620	2.7417
8.8191	5.4354
7.3731	4.9153
3.5119	8.9621
-0.4987	10.0401
4.3454	8.0266
8.5935	2.4780
-6.7787	-6.1039
-4.2825	2.2476
8.3017	6.8705
-6.1380	8.1006
4.7903	5.6138
8.6124	7.2216
-7.9220	-4.5669
-5.5609	8.3088
-6.0542	-5.4084
-4.4125	6.9572
-7.3560	-3.9386
-5.9823	-3.1159
-8.3426	-6.0653
4.9921	2.4516
7.6168	2.2993
3.9637	-4.4895
-7.0227	-1.5901
-0.8953	-3.9576
-4.8190	7.3441
-5.0361	7.6145
-4.1636	6.3433
-4.8997	-6.4335
3.6770	5.7035
-6.3709	3.7780
-5.1638	6.3655
-3.6087	7.1396
4.8968	6.0495
8.6189	-5.5479
-4.6338	6.0834
8.2484	8.0362
-6.0678	-4.8199
6.5361	5.8657
7.2138	-6.2692
-6.8629	-8.3327
7.5478	-3.2583
5.5184	-3.3041
-3.9418	5.4925
3.5686	-6.0717
5.6375	-0.4341
-4.2440	-8.8787
6.4049	-8.6553
5.5950	-5.1105
5.1905	-5.3425
6.5656	-7.4742
7.6291	1.6490
7.5273	1.1726
-7.3783	6.3551
4.9117	1.8523
2.7868	-7.6712
-2.2373	3.0319
-5.0870	6.4993
6.6008	5.1143
-7.5322	-4.1735
-5.3893	3.2437
-4.4677	-9.2092
-2.2586	0.4385
5.1690	2.1774
-1.4087	-8.1463
-2.6533	7.5725
2.3968	-9.4863
7.8721	-4.9538
5.7447	-5.9136
-6.8312	6.0371
-2.4511	-6.8055
4.9731	-6.9740
-1.7486	-6.1402
5.2292	4.8623
6.2684	-4.3152
4.4338	1.3291
3.5775	-7.3794
-4.2129	-3.7663
-8.7234	8.3650
4.2026	2.5367
-0.3073	-9.2946
-6.4023	7.6158
4.4562	3.4996
6.3143	6.5426
3.5422	-3.7447
5.4938	7.3036
5.4584	0.5082
3.0235	-3.9178
6.6696	5.6186
-1.8166	5.4324
9.8176	-6.7783
5.7100	-6.8199
-5.5406	4.4000
-6.2621	3.7969
-5.3677	5.3228
5.5486	8.4704
2.7181	-5.4187
4.8997	5.5353
3.7311	-3.3381
-3.4123	2.5161
-4.3228	1.2376
-8.4115	-4.8492
5.0836	5.2641
-4.8586	-7.3710
3.1762	-6.2324
6.4140	7.9241
6.3921	-0.0045
-1.5108	-7.7232
4.6699	5.2763
-10.7634  -3.1918
4.0178	5.4270
6.1656	-1.8285
5.2134	-3.6907
7.1956	-1.3718
9.3224	-4.9224
4.3229	5.4821
3.7786	9.1385
-5.4111	4.0326
2.0083	6.6418
-3.1915	-0.8271
4.2330	4.2316