-5.500499199608459	-7.723921303427011
1.4036148646982154	1.9080158441193573
7.267642356089308	1.0032117415145503
-2.9797274068113393	7.258068190439779
6.081335542824835	1.4834792363148703
5.636281816081196	0.9458690928500915
-3.8075257452287166	-6.995381472945526
4.964427027163908	1.9128839526017676
3.3587343209689884	1.8023143019151797
-7.629409484386085	-6.848800333022946
3.8639913751370694	0.6753120796034582
-1.1188829282438653	8.029467346176268
0.0504424265347696	6.6717807687713195
-1.82412901022095	10.376964896415041
4.987608664503797	4.463650642315258
5.909988220447607	-0.13731769976700514
-2.5956097689491506	10.21852560566875
-8.226893617026029	-6.421217897855086
-6.7808864040207615	-5.601533143197525
-3.836799591859984	7.578838179301517
2.961597747645132	2.648732767969417
-2.2585613090470438	6.662681979542591
5.331747191895021	2.3466698693929753
-5.0009983560700615	-6.959009906563532
-7.415347528611904	-6.647201601797978
5.113221407082057	1.4679883069564164
4.333906175323075	3.7779612702399583
-5.936667000770272	-6.369560519133989
-6.559166872108159	-5.812552638527822
-1.3643955068609075	9.79595562976528
4.600574911968903	1.321059958580214
-1.5341666361797126	10.641774162483308
-3.697841213209576	8.334728852674996
-4.103020881730867	9.25051961124127
5.085253884273672	1.2483874598817475
4.35314117998841	0.8840932894908147
3.6532143615483834	2.265594337731027
2.7121432519190147	2.2173260469813996
-6.93898364273419	-6.070326202676022
-5.69844031297937	-7.136896206346558
3.4523530519178043	1.8222253798211543
-0.9426230544675553	9.039490738157632
-2.7728038884577644	9.442821214012417
-1.559959286601094	7.923021182444635
0.06353528413764042	9.774988954979936
6.613840092429641	1.674326436473078
4.505085176599105	1.7080061645008644
5.49381668993477	0.6235991737352891
3.7844638970155042	2.100885957171008
-7.500760749994676	-6.611564051309268
-9.088676268749245	-8.415601953358788
-3.2312455577280264	11.237019949609046
-7.8784538788763445	-6.314410925612262
-6.258436366588322	-7.751002169060105
5.049986007160693	4.224574690999795
-3.724594967454059	9.39138292731265
-2.389615984947581	8.410115343258882
-6.987310024295942	-5.15196893473658
4.975841187811886	0.6225828271826803
-8.492967804392402	-7.982491929056985
-7.5003733312717165	-5.188892665053251
-1.8911553024023586	9.630829269292972
3.8576755068655104	2.0300480895204287
-6.76428225882209	-7.434839939721997
4.341121858053214	3.1390548250859585
-8.212318205710265	-4.7773850611676
5.40618978676095	-0.020654390782019805
-7.422394774250162	-9.788764785230695
-2.4254351210647274	8.55190981196421
4.698104789761894	0.9760295442474867
4.50243102192496	3.458549258308886
4.92261630595838	2.898207916605092
6.04121731021987	2.2784746959021875
-6.725901893258323	-7.697371582245804
-3.385637581113314	9.274036435696692
-7.691297953622394	-4.7189810737829685
-1.5329769622091465	7.5372489484775755
3.9514844279718178	1.3169389544522616
-2.013679877922001	8.337816664833552
-3.525350084734836	7.196469458575284
-6.488267564460728	-8.38144588493831
-1.760253842590164	9.768300739315457
3.691309489693727	2.538931712503927
-1.1378102456347257	9.91660576742245
-8.780310579334138	-5.96761200590279
-8.710257396260957	-7.7103992771334395
-7.545866623183108	-4.622721109947239
-6.10504617378198	-4.284203925309395
3.975499669811483	0.535716212834114
-2.075234392995589	8.240142422672172
-6.650308309527386	-6.824385735488568
5.275643849726441	3.7030520287302124
-3.7164184808523926	7.557259792853043
4.7437865811955815	1.7863570014702366
5.038655650603611	1.0749858400728676
-7.415047311009006	-9.147558470410583
-1.5227254310593623	11.290437707383058
-3.6870080043102913	9.568810297314247
-2.0755228964426533	10.859930007957484
-5.870854932364801	-7.663258368438815
4.511442404282632	0.7308788970374831
-2.3729768087512526	9.808842937623577
-0.6059774436783278	7.528907529606103
-6.921613379747624	-4.755148830513335
-6.351609851087272	-7.48257466249908
-2.43934716091755	7.6427217708015736
-3.367562074164712	9.829803426919932
-8.617243871650762	-9.518676741220045
-4.939368727041879	9.238031305921634
-7.401022664070049	-7.251116141438314
-8.346180561821605	-6.024511477069081
-8.039998562906325	-6.937363220646322
-6.532624818461889	-3.9337494253828735
-6.613066665190814	-7.454607939272119
-6.364085328192167	-6.6308843686802135
2.505414537542967	3.7684228577277517
-3.62151418894645	8.942855700924161
-6.6798845412956025	-6.289168076466168
3.4253535859159	-0.012658322298191083
-7.168017668941032	-7.329894562335464
-1.9413124735644964	8.926891433010073
-1.1134011204667986	9.026565801421826
3.947753239546102	2.879639154931639
3.728919642363664	2.153642227712181
-5.022620949555196	-4.72505638556132
6.4427072987433345	2.0620834204444622
-3.503991636159237	8.342068879961959
4.088645756779808	0.953356440582982
-8.176903184271147	-6.14098686494283
-6.587066334625831	-7.557003950160021
-6.108359879310218	-5.285126557117029
4.7570901544867	1.0455579433141722
2.1589483161802496	1.866225636525386
-5.770794768102989	-7.101992157007533
5.4680516262814365	1.4917051176777285
-6.9939818300156125	-6.54528376235154
-6.150151379491423	-6.656178645488317
-7.080168887531495	-6.7040531695559595
2.0912039670563334	1.3422636579238187
-3.499794259203764	8.62862311821473
-6.013620714299388	-8.234971718736622
-5.019026599774378	-8.078134442162495
5.751291893266071	4.264469652504888
4.0746328694861145	2.2516296087698957
-6.6745886653977395	-7.100889596899162
-7.9096565273687265	-6.039737737985157
-7.644491743919091	-5.4532897559468845
-3.1449098675731966	9.630207047934348
-2.5508517466990424	7.611872483054883
-3.9935384761064485	7.42973819249719
4.328369214591776	0.16939814019900457
-7.509051510686999	-6.2928601198024445
4.023238535424069	0.7021134576739902
2.5841174013190487	3.5978165329392273
-2.301380512031332	9.476666983872926
-7.144784199746867	-6.847846586482509
-2.2522851300965057	7.519399593743936
-5.641413743788908	-8.662782040920312
5.045002030718344	1.4789173245937712
3.723967848377081	-0.19268883685669058
-4.12094944280817	-7.315515865803538
-6.968947306071326	-6.135303076215133
-1.4296777725328493	9.383045553250252
-2.3928024650614885	9.728474558722619
-6.5723915099746195	-5.70088041254133
-3.4365878804978363	8.73010380011031
-3.216435331385804	10.033808644623551
4.661980891255563	3.984894458671071
-7.7521918021411125	-7.177131955937752
-8.511454560327174	-5.984605314043282
-5.644640426360498	-6.3129926143802955
-2.111681505368473	10.184940280745153
-2.200137154185433	8.92495102927892
-6.643801787509506	-6.0293050841697315
-6.63611956612971	-8.699002531272624
-3.6788156273255357	9.958787652689264
-2.552188869984692	10.891858515175128
2.636592498882455	2.625201914796654
5.240979461377358	0.8001033901824708
5.399217075555643	4.698001113306007
-2.236245701527795	10.582857433337235
-6.170841394320499	-5.549665296576458
-0.24577454160011403	9.223779503596528
-2.404741141166945	8.65547730763928
-4.663662795894071	-8.16421131286733
-7.550333407877176	-6.427455343198521
0.03738981336240954	10.253244440859698
5.414329975730278	3.6155275529795503
-2.503061475081797	8.732781568148145
-6.510265068480799	-8.932311664463898
-7.312786590134166	-5.488913829238849
-6.5803667706983635	-4.987165657559777
-5.753686623980073	-7.499363267136795
-7.724839619802581	-8.570263148912218
-4.022258368254804	10.115720464664053
6.135181067225256	-0.5148985949490474
-2.1538532905752588	9.327552454814189
-2.197338269954642	9.952473574331094
-6.919379558599827	-4.726640157054602
5.84743020728543	1.2808994405129535
-2.392704563835102	10.17666011683779
-1.5221437285289234	7.5492737482330945
-5.756813119374317	-5.354243479282956
-6.8451334036294895	-5.345967358147188
4.316590634894632	2.8342203908958865
-6.437219220503788	-7.352116168068779
3.0919257565388367	0.4190751574643927
-2.7704150669254144	10.332818350582949
-1.5186980042671143	9.990497691399089
-6.921249056015408	-6.599051914232121
-4.9841406162744155	-7.507541625859869
6.858626150162515	3.325047719398041
-5.4455712364414595	-8.707933879016476
-4.207642513513247	8.50951174087989
-1.882867744312473	9.370667736078145
-7.613448554741608	-8.568102909493813
-2.1771686638567274	10.00690602704155
-6.927816731924482	-8.597039715817605
-2.4281637774272418	7.304588304742174
5.669070384070524	1.7812434479846195
3.0555989878033305	4.170920202965956
-3.325227288946939	9.292990564791525
-7.627395822860987	-7.546682136268252
-3.07551586200007	10.32102684455916
4.099800270453009	2.7205896027577303
-1.2095361312424178	10.278848590640205
-3.8903899159595134	9.465123750213127
-6.644612885034052	-8.054156926413985
3.844730325493085	2.657888086252523
3.7777457707251783	1.7170331018865153
4.317212407562304	0.6453385934507276
3.457007580625449	2.578025502562145
-2.9204550428848735	8.05155340513238
-8.497449697678126	-5.988192680448689
-5.5912690913195435	-8.11192795256922
-7.315961845807897	-6.948444341741228
-1.8049691104924257	11.642832879170296
5.685228480346132	1.5819414453393226
-1.612445296904836	9.746730446718479
4.732720805405243	0.9396286423468156
3.589136932166393	0.31381000678352877
2.1941293940146767	0.7634661108398471
-3.612506704133314	10.874207414219368
-2.7589443234814803	8.422685006607722
-6.536588722281384	-6.478761445291517
-7.103873164144901	-7.407786863204956
4.646171275889921	2.0295463964584224
-2.4369213711235185	11.970176663180665
-1.7583968057347428	7.985697060498783
4.316028913876056	0.7986532250019631
-2.157510655094333	8.15706442656668
-1.6856853946033339	7.0790270827707396
-3.5766149386033783	8.035313786239795
-2.120296859778996	8.552187391698741
4.3098167996461285	-0.7891357137419699
-2.69133973709545	9.720266775979812
-7.248961073094871	-6.61712920007922
-2.647975561918639	8.652961693491175
-4.881057857796178	-5.6628655152541905
-3.0372510070891305	9.171174820941632
-1.8911403994854927	13.637563916983986
-2.0798527906348103	9.687227559840203
-7.614973619732534	-7.345351465199127
-3.9387618196959284	9.802150458558916
4.362757399977688	2.808617321716834
5.3323653888447495	1.7295152206891409
4.6176630730372334	1.626779317236566
-3.794268620726085	9.593253026490144
4.933838721558569	1.3648378734953763
4.344987159324968	1.6459014002435275
-2.2086062026376982	9.430023979594692
-4.369993740332109	9.096561697965555
5.780387442051362	1.2808852971458484
-5.175022093563444	-7.565005145775318
-2.777352965443771	9.871086721108831
-4.438177504526223	9.235846758437086
-4.8117230814116	8.982469477659262
-2.172007381770711	8.267046704413609
-6.978208605222353	-5.5393545953701935
-8.050675094724069	-5.615739437346539
-0.2702682096790423	9.582885633292467
4.003277459095468	1.2821877951671161
-2.2703259883645863	8.294025875607767
-3.5162586509199163	8.643231277176865
-7.987507086484355	-8.502131120015546
-2.4545114151681737	8.232365711071342
5.10075737495527	1.9339359862278203
-6.120737904284645	-5.71304425372387
3.561781230610072	2.5634726897485387
4.858118342298296	2.2710343875011354
-6.0264752293070805	-6.346993619492699
-2.493595352799262	10.758527020787103
-4.579099022068389	8.339541093109155
-2.12019800006662	8.8581144629571
-8.084596111253752	-7.801466671400901
-6.398718431135637	7.7850209585971735
-6.553732586516822	-8.412207884260319
2.8216495615898385	3.6134188048741613
6.551702788195378	1.3597108722233098
-0.9759997481066403	8.304400461595325
5.214654627123772	2.37356421028507
-6.041759214814962	-6.407927130769847
6.381251165582151	3.12429467524298
4.564663919500295	3.1193404685422177
-0.735724769362931	8.392361866269944
7.223697785241969	1.0523526084750725
4.877580549149528	1.7999371896320011
4.771152589753973	2.8440896326191623
2.595819909001916	1.9065124452647895
-0.988904244028803	8.165082769455784
5.683405940354893	3.599935114506673
-6.927093375779256	-6.062308756428798
6.5942174909136515	0.31704793408286247
6.6644487983151794	3.0311373922800726
4.908789814400602	1.988280564878886
-8.41614241414681	-4.774356574894709
-6.934330410777868	-6.588102254088716
6.501261206855129	2.1119792450921624
4.509366658079872	2.455223750459462
-1.1194645748526688	9.964281360953844
-5.221036401906238	-6.101657728168376
6.46762772895169	2.6198617363623224
2.726565645674861	1.2539196563962047
-6.061357403599697	-4.664060802392706
-6.468356775498025	-6.332005730291406
-6.808070747247061	-7.656433726522636
5.635165533648288	-0.6801926868687302
-8.176895039641185	-5.616326169276462
-7.6449151722528494	-7.517305939278128
-6.133455236490635	-8.764379257144494
-6.287645710094203	-6.658306244842098
-7.176240050175986	-7.698490690873305
0.2683926569554602	6.773567897088224
-6.899334666438572	-5.454037665138246
-1.6908540574987936	8.641966020286175
-5.431816431341242	-7.86043239846063
-3.351661335705573	8.621091552281
-3.949553311519682	8.612884645189183
-7.091963864144129	-7.838066286722091
-1.3390539429514488	8.837817270395755
2.7989418313453545	3.506381870218943
4.617059386744875	0.7701344463753614
-3.091633880447674	9.112535095461908
-3.0791319964458976	8.230291049109868
5.032191684745096	1.7102490493700948
-3.783962079524076	9.58259704496054
2.608921280570318	3.8086300672934685
-0.6141422444438804	9.935207803181813
2.902177626431312	0.28421315468886577
4.560583077851321	0.519950244225784
4.054751367341109	1.454099858557187
-0.7796696761734117	7.291251546782995
4.759077602743172	2.874834231986879
-6.089374063943874	-4.467864146756327
-8.534810264768703	-7.757225641206249
3.6073827978873583	1.5117030308649415
-7.466954522173136	-5.62711654079306
-1.353146267959564	9.509623240522119
1.6739054360753545	1.01689537737616
-3.4602225091719907	8.876602398438044
6.0552069810936455	1.4101589014150862
-3.1624568924829695	9.14739323585016
2.8655753412922915	3.3456745357890467
5.42511762385297	1.906468078848186
-6.099385777600877	-6.999120629811206
-2.4182321532202784	8.201692074383788
2.686827910768306	2.0308716199343904
3.8002082266369985	2.229945576821798
-2.5238937504690475	7.937580882415324
-5.895048573714433	-6.271380755947189
-3.0842067084670983	8.791495356201741
-6.167905681589209	-7.251565320452735
-2.0807790398946935	8.182794613885537
4.656593986523637	1.944219579408728
-7.5703925826365985	-6.733697815701513
-2.8122794047245425	7.5169463098405025
-6.883950238059952	-8.270147220306997
5.3768788762802115	2.882178935997498
-6.423389769944114	-6.147406698935359
-8.081571203025169	-7.217429944739092
5.627683536982399	2.0611512445668168
-4.722403358931843	-6.111098159755535
-1.4107150818102612	9.408787459789943
7.727910600127934	2.044231804758118
-7.542294844288436	-6.120591411969333
-8.018905857749601	-3.7212511154710777
-3.072566886174693	9.66535818050148
4.228653723331683	1.5274406447457822
-6.195906454872626	-6.342859321255169
5.5482651762025235	0.8665712949275814
-7.169110460578866	-6.45764311745879
3.7322579418869375	0.26646523242352305
-4.16240086460126	7.888896080300174
-0.7504191003468854	8.743354567614478
2.3949285309970745	1.5513535030911616
-6.924788834061088	-5.556147334856121
4.003569694181173	1.021722285225919
-3.061964148204495	10.282832799661021
-3.4793899465245754	8.412177675896878
-1.6230377270582577	9.219928065626286
8.334535806374387	3.3166595776622243
-5.599617563644285	-5.476954884741139
5.642709370706271	0.6175214583515902
-4.332441582197566	8.43320524075882
3.3951834510363534	1.7447632702404021
5.686663600292915	2.193180090826754
-6.655507073778776	-7.786569112099934
-6.178913368760114	-7.311260102220418
5.88492676933758	1.3611500053150356
4.95154583829388	0.8879897338154417
-8.568641224812655	-7.813489618384997
-3.4491015738562347	8.62781230875151
6.997548995727769	2.015485946306806
-7.53353009532201	-6.401146256053462
-3.3033413807748158	10.037206129953791
3.859107753281909	1.3886192234230967
-2.887520716621165	9.925049192790242
-3.5698265464941095	9.198756255332954
5.027141108633809	0.9804925516779445
-2.702740477051961	9.499147156375768
-1.8526807656487048	8.771654945277648
-4.283424011493663	8.150473078124671
-7.631987660496591	-4.705171323679632
-6.389723884293904	-8.923209918361355
3.0745154356222777	2.776776742536778
-2.2188428971735092	6.718349834608964
4.725758320891372	1.399980747822592
-5.143253729926791	-6.644243861462057
-3.3215040234199007	9.748297674807363
-3.4910624429329173	11.525150859020874
3.2199686210291714	-0.4739089293713885
-8.747582199379954	-6.1528976516611795
7.574781211768293	2.128235102311005
1.4587150661564872	3.282977906247686
-5.878920605692585	-6.329093498201822
-6.626406230508128	-6.996165327520417
6.055035457104693	2.0541918616328627
-3.8473082801029244	-7.517152120780331
-3.045015565533175	10.041964681386489
-5.652891747960443	10.00056913344859
-8.415992469556343	-5.833160799339773
4.78423359428238	2.590496284811231
-7.383851371666299	-7.218251123908555
-0.550304058334788	7.298116474645562
-0.8258444499294313	7.3320648528475845
-6.8575064714727985	-6.463011546841941
4.706748730974535	3.28619950610587
-9.377942480611736	-4.844361951327901
-2.3990846912101476	6.629203430677251
-2.534279535809728	9.15507898816886
3.4819706835319764	2.7964314359388593
-5.372719840463045	-7.9536383559393515
-2.8036633622561946	8.109802730969335
5.1360007200965425	4.225324659010411
5.217089914312157	2.2418305130756897
5.046074525221398	1.4748241872597705
4.6692910453388325	2.570767633435272
6.898308231998142	3.5876737393267053
-1.9032128882762016	10.053192361202466
5.079796731544319	0.8453139403479057
-6.963826044901647	-8.873262713495137
5.0129679149457065	3.7435971442801943
-6.742554012756822	-6.699747479521694
4.486377726451182	0.8265211552202212
-2.7400307807900974	9.376142938998656
-1.533763080445998	9.769840738506657
-0.39065253471543393	9.500264181351469
4.6303116666481605	3.749102650608763
3.7113317973038136	0.4795840399670317
-1.271998196057609	10.131822271137759
-6.8456451397947164	-6.844402225881052
-8.381474500179802	-5.147592068388035
-2.8267858229382976	12.278489128105864
-3.2299640509553162	8.664253628446389
-8.105106571708125	-6.0300818565167225
-5.075549229030689	-5.827274844585141
-2.525394292738271	7.745033013451241
-7.527338807522504	-7.814075263758721
3.63221262561117	1.2538985094079056
4.106726924136767	2.4259302755945544
-1.976614309277276	9.943846992313526
-3.065298854427705	8.455410423914014
-6.6295678216142075	-9.330191435385096
-7.4142302168321965	-5.136048220734706
-2.0968556755705965	6.898637941763041
4.450269357933314	1.4609124000038278
-6.2078786536340225	-5.5831727226104
-6.666385990031365	-8.482522823728068
7.112776346086486	4.079578694872577
-7.565041978890626	-6.193010255648557
-6.720063582175019	-7.720254571202954
-3.598826513678203	7.319521686595972
-6.0303248686046995	-7.555069724349067
3.9290061271414585	0.9363807603249528
-2.4320616001381947	7.7209923946831545
-5.200400667248068	-5.7705491737806245
-2.6017196743496753	9.423668497978294
4.236937197079947	3.9759955142880035
-7.5068948157741175	-5.62129852227168
5.263094653317508	3.812456379543825
