-2.500000 68.213821
-2.449495 61.747644
-2.398990 57.745488
-2.348485 54.197250
-2.297980 47.007506
-2.247475 42.748521
-2.196970 41.492411
-2.146465 36.569631
-2.095960 31.268558
-2.045455 29.588922
-1.994949 25.119138
-1.944444 22.380809
-1.893939 20.922762
-1.843434 15.375141
-1.792929 13.537545
-1.742424 13.345988
-1.691919 10.909564
-1.641414 11.304958
-1.590909 8.032436
-1.540404 5.983970
-1.489899 9.147112
-1.439394 5.585876
-1.388889 5.123083
-1.338384 2.095164
-1.287879 2.731583
-1.237374 3.128150
-1.186869 0.739222
-1.136364 2.616376
-1.085859 0.815224
-1.035354 1.011532
-0.984848 0.342477
-0.934343 3.876260
-0.883838 0.981249
-0.833333 -0.636335
-0.782828 2.172342
-0.732323 -0.870186
-0.681818 1.326134
-0.631313 -1.850530
-0.580808 -0.807379
-0.530303 1.591547
-0.479798 2.526618
-0.429293 1.806054
-0.378788 1.509378
-0.328283 1.365391
-0.277778 -0.269380
-0.227273 0.994202
-0.176768 1.500068
-0.126263 3.882777
-0.075758 2.905350
-0.025253 -0.177062
0.025253 3.014165
0.075758 1.992378
0.126263 1.576690
0.176768 3.510689
0.227273 4.118965
0.277778 3.926255
0.328283 1.204583
0.378788 1.910729
0.429293 2.759738
0.479798 3.591941
0.530303 1.253691
0.580808 1.516636
0.631313 -0.061831
0.681818 -0.412952
0.732323 2.366472
0.782828 2.932740
0.833333 0.527401
0.883838 1.866293
0.934343 0.620002
0.984848 -1.179929
1.035354 0.036597
1.085859 1.508002
1.136364 -1.143284
1.186869 0.973598
1.237374 -5.576296
1.287879 -0.672547
1.338384 -2.014656
1.388889 -2.810122
1.439394 -2.412135
1.489899 -5.686062
1.540404 -3.150671
1.590909 -2.357988
1.641414 -0.699635
1.691919 -3.661076
1.742424 -4.001798
1.792929 -3.378853
1.843434 -1.015397
1.893939 -1.575891
1.944444 -2.455291
1.994949 -0.386143
2.045455 -0.401992
2.095960 1.625447
2.146465 -0.040802
2.196970 1.488583
2.247475 2.496241
2.297980 2.138745
2.348485 6.182093
2.398990 7.696902
2.449495 9.053370
2.500000 10.616869
