-2.000000    -2.425493
-1.994994    -2.345643
-1.989987    -2.059683
-1.984981    -1.767144
-1.979975    -1.876118
-1.974969    -1.727954
-1.969962    -1.314045
-1.964956    -1.299976
-1.959950    -1.355568
-1.954944    -1.079534
-1.949937    -1.111746
-1.944931    -0.998785
-1.939925    -0.784534
-1.934919    -1.004776
-1.929912    -0.878371
-1.924906    -0.610568
-1.919900    -0.589331
-1.914894    -0.305897
-1.909887    -0.409167
-1.904881    -0.408900
-1.899875    0.094675
-1.894869    -0.091049
-1.889862    0.017174
-1.884856    -0.146075
-1.879850    0.043060
-1.874844    0.195045
-1.869837    0.056174
-1.864831    0.332438
-1.859825    0.230201
-1.854819    0.317821
-1.849812    0.309769
-1.844806    0.713591
-1.839800    0.466826
-1.834793    0.340770
-1.829787    0.650957
-1.824781    0.370263
-1.819775    0.608291
-1.814768    0.304428
-1.809762    0.418501
-1.804756    0.664626
-1.799750    0.761333
-1.794743    0.689914
-1.789737    0.658765
-1.784731    0.641181
-1.779725    0.473210
-1.774718    0.594129
-1.769712    0.638675
-1.764706    0.870618
-1.759700    0.766551
-1.754693    0.452253
-1.749687    0.765828
-1.744681    0.658825
-1.739675    0.613343
-1.734668    0.803906
-1.729662    0.863112
-1.724656    0.843548
-1.719650    0.572506
-1.714643    0.645728
-1.709637    0.734757
-1.704631    0.823639
-1.699625    0.596999
-1.694618    0.631966
-1.689612    0.484219
-1.684606    0.460547
-1.679599    0.751160
-1.674593    0.821552
-1.669587    0.595719
-1.664581    0.745060
-1.659574    0.636423
-1.654568    0.472730
-1.649562    0.610731
-1.644556    0.773985
-1.639549    0.524427
-1.634543    0.750812
-1.629537    0.109287
-1.624531    0.611513
-1.619524    0.487134
-1.614518    0.414971
-1.609512    0.459249
-1.604506    0.132953
-1.599499    0.383702
-1.594493    0.455767
-1.589487    0.609432
-1.584481    0.295575
-1.579474    0.237647
-1.574468    0.269318
-1.569462    0.467622
-1.564456    0.365441
-1.559449    0.222581
-1.554443    0.365066
-1.549437    0.288796
-1.544431    0.405829
-1.539424    0.141673
-1.534418    0.184443
-1.529412    0.161560
-1.524406    -0.012185
-1.519399    0.238918
-1.514393    0.221016
-1.509387    0.170191
-1.504380    0.122017
-1.499374    -0.067098
-1.494368    0.070343
-1.489362    0.070499
-1.484355    -0.009730
-1.479349    0.075370
-1.474343    0.149370
-1.469337    0.361142
-1.464330    0.094110
-1.459324    0.096524
-1.454318    0.036956
-1.449312    -0.249198
-1.444305    0.025403
-1.439299    0.029444
-1.434293    0.381195
-1.429287    -0.025575
-1.424280    0.040351
-1.419274    -0.017976
-1.414268    -0.195689
-1.409262    0.143690
-1.404255    0.077979
-1.399249    0.077037
-1.394243    -0.184566
-1.389237    0.155989
-1.384230    -0.270715
-1.379224    0.021847
-1.374218    0.256904
-1.369212    -0.225469
-1.364205    -0.166800
-1.359199    -0.071621
-1.354193    -0.166551
-1.349186    -0.327843
-1.344180    -0.088927
-1.339174    -0.262284
-1.334168    -0.035387
-1.329161    -0.247592
-1.324155    0.119790
-1.319149    -0.232982
-1.314143    -0.166373
-1.309136    0.001614
-1.304130    -0.307178
-1.299124    -0.090353
-1.294118    0.069884
-1.289111    -0.368823
-1.284105    -0.101319
-1.279099    -0.091152
-1.274093    -0.013792
-1.269086    -0.317353
-1.264080    -0.330444
-1.259074    -0.054473
-1.254068    -0.088434
-1.249061    -0.095459
-1.244055    -0.080956
-1.239049    -0.234659
-1.234043    -0.097397
-1.229036    -0.087707
-1.224030    -0.238110
-1.219024    0.149757
-1.214018    -0.058053
-1.209011    -0.306713
-1.204005    -0.028301
-1.198999    -0.271633
-1.193992    -0.005901
-1.188986    0.051403
-1.183980    -0.243807
-1.178974    0.025584
-1.173967    -0.055127
-1.168961    0.008234
-1.163955    0.171500
-1.158949    -0.147689
-1.153942    -0.221725
-1.148936    -0.239802
-1.143930    -0.226387
-1.138924    -0.113157
-1.133917    -0.047935
-1.128911    -0.055064
-1.123905    0.030103
-1.118899    -0.089383
-1.113892    0.129382
-1.108886    -0.125621
-1.103880    0.324864
-1.098874    0.013483
-1.093867    -0.206117
-1.088861    -0.235329
-1.083855    0.000546
-1.078849    -0.102456
-1.073842    0.041066
-1.068836    0.007865
-1.063830    -0.071124
-1.058824    -0.184292
-1.053817    -0.281573
-1.048811    -0.118397
-1.043805    0.079961
-1.038798    -0.013471
-1.033792    -0.229543
-1.028786    -0.013815
-1.023780    0.020880
-1.018773    -0.166641
-1.013767    -0.008170
-1.008761    -0.019687
-1.003755    -0.197079
-0.998748    0.030791
-0.993742    0.063966
-0.988736    0.144999
-0.983730    0.143270
-0.978723    -0.218829
-0.973717    -0.150270
-0.968711    0.070202
-0.963705    0.072514
-0.958698    0.075160
-0.953692    0.578223
-0.948686    0.088310
-0.943680    0.175326
-0.938673    0.150357
-0.933667    0.107179
-0.928661    -0.035659
-0.923655    0.127584
-0.918648    -0.100132
-0.913642    -0.017734
-0.908636    -0.053075
-0.903630    0.033894
-0.898623    0.370636
-0.893617    -0.254886
-0.888611    0.129848
-0.883605    -0.213352
-0.878598    -0.040650
-0.873592    0.195006
-0.868586    0.042767
-0.863579    -0.127136
-0.858573    -0.071433
-0.853567    0.139078
-0.848561    -0.071205
-0.843554    0.071969
-0.838548    0.047423
-0.833542    -0.056129
-0.828536    0.364164
-0.823529    0.138559
-0.818523    -0.259463
-0.813517    0.073051
-0.808511    -0.053473
-0.803504    0.174311
-0.798498    -0.071842
-0.793492    0.030355
-0.788486    0.123783
-0.783479    0.178307
-0.778473    -0.131250
-0.773467    -0.001089
-0.768461    -0.021921
-0.763454    -0.048502
-0.758448    0.314436
-0.753442    0.110430
-0.748436    -0.139439
-0.743429    0.187329
-0.738423    0.367876
-0.733417    0.204274
-0.728411    -0.178702
-0.723404    -0.023682
-0.718398    0.238690
-0.713392    -0.057845
-0.708385    0.114483
-0.703379    0.163664
-0.698373    -0.092057
-0.693367    0.037524
-0.688360    -0.440310
-0.683354    -0.108392
-0.678348    0.006726
-0.673342    -0.143250
-0.668335    0.288047
-0.663329    -0.172104
-0.658323    -0.024393
-0.653317    0.060386
-0.648310    0.256095
-0.643304    -0.176378
-0.638298    0.212543
-0.633292    0.038642
-0.628285    -0.111109
-0.623279    0.104417
-0.618273    0.063919
-0.613267    -0.057037
-0.608260    0.042378
-0.603254    -0.026998
-0.598248    0.046699
-0.593242    0.127844
-0.588235    0.265264
-0.583229    -0.159490
-0.578223    0.344943
-0.573217    -0.269032
-0.568210    -0.000205
-0.563204    0.109581
-0.558198    0.062244
-0.553191    -0.074556
-0.548185    -0.013622
-0.543179    -0.057612
-0.538173    -0.073328
-0.533166    0.141252
-0.528160    0.066097
-0.523154    -0.092658
-0.518148    0.144952
-0.513141    0.054844
-0.508135    0.129418
-0.503129    0.100677
-0.498123    -0.119367
-0.493116    -0.080288
-0.488110    0.114597
-0.483104    0.092832
-0.478098    -0.003075
-0.473091    0.016454
-0.468085    0.189311
-0.463079    -0.092254
-0.458073    0.077381
-0.453066    -0.036163
-0.448060    -0.039621
-0.443054    0.156731
-0.438048    0.114627
-0.433041    0.111761
-0.428035    0.184496
-0.423029    -0.009215
-0.418023    0.088908
-0.413016    -0.060921
-0.408010    0.033271
-0.403004    -0.035826
-0.397997    -0.002680
-0.392991    0.071144
-0.387985    -0.141737
-0.382979    0.294006
-0.377972    -0.171576
-0.372966    -0.203595
-0.367960    0.151484
-0.362954    0.095780
-0.357947    0.069941
-0.352941    0.069896
-0.347935    -0.026841
-0.342929    -0.160210
-0.337922    -0.014838
-0.332916    -0.128339
-0.327910    0.118978
-0.322904    -0.049841
-0.317897    -0.152068
-0.312891    -0.076880
-0.307885    0.032871
-0.302879    -0.113991
-0.297872    -0.153096
-0.292866    0.006492
-0.287860    0.006418
-0.282854    -0.106600
-0.277847    -0.101414
-0.272841    0.003883
-0.267835    -0.248270
-0.262829    -0.242277
-0.257822    -0.138992
-0.252816    -0.063277
-0.247810    0.015374
-0.242804    0.190072
-0.237797    0.097480
-0.232791    -0.055065
-0.227785    -0.033800
-0.222778    -0.181169
-0.217772    -0.033377
-0.212766    -0.073678
-0.207760    0.018279
-0.202753    -0.153932
-0.197747    0.048365
-0.192741    0.200715
-0.187735    -0.045141
-0.182728    0.031828
-0.177722    0.075519
-0.172716    -0.087732
-0.167710    0.006546
-0.162703    -0.024672
-0.157697    -0.011376
-0.152691    -0.141421
-0.147685    -0.021210
-0.142678    0.050421
-0.137672    0.194024
-0.132666    0.120896
-0.127660    0.300659
-0.122653    -0.136723
-0.117647    0.109945
-0.112641    0.007336
-0.107635    0.309063
-0.102628    -0.139877
-0.097622    -0.143796
-0.092616    -0.106936
-0.087610    -0.334785
-0.082603    -0.094222
-0.077597    -0.128372
-0.072591    0.008928
-0.067584    0.038515
-0.062578    0.269573
-0.057572    0.131618
-0.052566    -0.096564
-0.047559    -0.143865
-0.042553    0.065620
-0.037547    -0.205260
-0.032541    0.268444
-0.027534    0.171596
-0.022528    -0.074736
-0.017522    -0.260365
-0.012516    0.200654
-0.007509    -0.018638
-0.002503    0.185187
0.002503    -0.238678
0.007509    -0.088449
0.012516    0.003214
0.017522    0.010442
0.022528    -0.063150
0.027534    0.098747
0.032541    -0.153868
0.037547    -0.014132
0.042553    0.026212
0.047559    0.086268
0.052566    0.116771
0.057572    -0.157750
0.062578    -0.218265
0.067584    0.204399
0.072591    0.063478
0.077597    -0.097771
0.082603    0.248031
0.087610    0.033552
0.092616    0.193922
0.097622    0.027966
0.102628    0.327744
0.107635    0.282709
0.112641    -0.017180
0.117647    0.166639
0.122653    0.118427
0.127660    0.227613
0.132666    -0.121744
0.137672    0.126556
0.142678    0.183042
0.147685    -0.238925
0.152691    -0.152019
0.157697    -0.279857
0.162703    -0.013850
0.167710    0.134699
0.172716    0.252902
0.177722    0.039117
0.182728    0.272721
0.187735    -0.178189
0.192741    -0.226311
0.197747    0.021204
0.202753    0.087457
0.207760    0.025225
0.212766    -0.279737
0.217772    0.017232
0.222778    -0.164881
0.227785    0.131398
0.232791    0.086064
0.237797    -0.109813
0.242804    -0.045849
0.247810    -0.127620
0.252816    0.021858
0.257822    0.174497
0.262829    -0.116701
0.267835    0.106665
0.272841    -0.048614
0.277847    -0.088173
0.282854    0.014504
0.287860    -0.124960
0.292866    -0.052986
0.297872    -0.149918
0.302879    0.324141
0.307885    0.034358
0.312891    -0.076287
0.317897    0.060340
0.322904    0.010933
0.327910    -0.005856
0.332916    0.118890
0.337922    0.139835
0.342929    -0.053953
0.347935    -0.061369
0.352941    -0.016902
0.357947    -0.321611
0.362954    -0.204309
0.367960    0.227264
0.372966    0.268212
0.377972    -0.016682
0.382979    0.106336
0.387985    0.065692
0.392991    0.479962
0.397997    0.185166
0.403004    -0.002884
0.408010    -0.127977
0.413016    -0.226586
0.418023    0.043904
0.423029    -0.101087
0.428035    -0.202012
0.433041    -0.086721
0.438048    -0.153047
0.443054    0.261157
0.448060    0.139215
0.453066    0.004638
0.458073    0.226675
0.463079    0.015123
0.468085    -0.126854
0.473091    0.229614
0.478098    0.080776
0.483104    -0.156864
0.488110    -0.031054
0.493116    -0.135082
0.498123    -0.212402
0.503129    0.132694
0.508135    0.278924
0.513141    -0.218534
0.518148    0.074433
0.523154    -0.108875
0.528160    -0.085614
0.533166    -0.102670
0.538173    -0.144675
0.543179    -0.009060
0.548185    -0.142239
0.553191    0.021719
0.558198    -0.027631
0.563204    -0.057176
0.568210    -0.158697
0.573217    -0.110297
0.578223    0.088320
0.583229    0.048956
0.588235    -0.173995
0.593242    -0.013625
0.598248    0.083037
0.603254    -0.281210
0.608260    0.049596
0.613267    -0.132389
0.618273    0.051530
0.623279    -0.149590
0.628285    -0.306849
0.633292    -0.281238
0.638298    -0.030856
0.643304    -0.000043
0.648310    -0.175552
0.653317    0.055014
0.658323    -0.290841
0.663329    -0.052329
0.668335    -0.224838
0.673342    -0.141693
0.678348    -0.037501
0.683354    -0.174328
0.688360    -0.103564
0.693367    0.104491
0.698373    -0.133517
0.703379    0.077885
0.708385    -0.217366
0.713392    0.031165
0.718398    0.167582
0.723404    -0.419700
0.728411    -0.168738
0.733417    0.037157
0.738423    -0.080010
0.743429    0.006022
0.748436    -0.140291
0.753442    -0.036695
0.758448    -0.072970
0.763454    0.125670
0.768461    -0.011157
0.773467    0.001554
0.778473    -0.110576
0.783479    -0.121585
0.788486    -0.112918
0.793492    0.011602
0.798498    -0.110184
0.803504    -0.002980
0.808511    0.265515
0.813517    0.085586
0.818523    -0.093212
0.823529    0.136711
0.828536    -0.103784
0.833542    -0.347330
0.838548    -0.191800
0.843554    -0.320119
0.848561    -0.091077
0.853567    -0.034375
0.858573    0.215603
0.863579    0.014514
0.868586    -0.065991
0.873592    0.092747
0.878598    -0.361810
0.883605    0.006787
0.888611    0.088720
0.893617    -0.246991
0.898623    0.148125
0.903630    0.029162
0.908636    -0.082023
0.913642    0.077128
0.918648    0.324812
0.923655    0.013541
0.928661    0.025602
0.933667    -0.078374
0.938673    -0.134733
0.943680    0.119559
0.948686    -0.131089
0.953692    0.010422
0.958698    -0.069551
0.963705    0.076400
0.968711    0.057103
0.973717    0.165227
0.978723    -0.064324
0.983730    -0.025681
0.988736    -0.129356
0.993742    -0.046493
0.998748    0.079472
1.003755    0.139182
1.008761    -0.109907
1.013767    0.161669
1.018773    0.237408
1.023780    0.098933
1.028786    0.321311
1.033792    -0.073387
1.038798    -0.141113
1.043805    -0.218310
1.048811    0.275826
1.053817    0.152500
1.058824    0.048935
1.063830    0.102195
1.068836    -0.105703
1.073842    0.432897
1.078849    0.088320
1.083855    0.088234
1.088861    0.183560
1.093867    0.149695
1.098874    0.113949
1.103880    -0.035410
1.108886    0.156643
1.113892    0.370952
1.118899    0.293147
1.123905    0.332953
1.128911    0.019885
1.133917    -0.049333
1.138924    0.082724
1.143930    0.112374
1.148936    0.270503
1.153942    -0.145206
1.158949    0.340313
1.163955    0.089318
1.168961    0.051043
1.173967    -0.034771
1.178974    -0.129306
1.183980    0.244180
1.188986    0.133385
1.193992    -0.069530
1.198999    -0.068831
1.204005    0.076416
1.209011    0.378371
1.214018    0.090189
1.219024    -0.095362
1.224030    0.094096
1.229036    0.090759
1.234043    -0.272298
1.239049    0.124511
1.244055    0.098283
1.249061    0.237464
1.254068    0.410325
1.259074    0.301749
1.264080    0.092042
1.269086    -0.034168
1.274093    0.517069
1.279099    0.139017
1.284105    0.131104
1.289111    0.124082
1.294118    0.155900
1.299124    0.102818
1.304130    0.036499
1.309136    0.038385
1.314143    0.113151
1.319149    0.033980
1.324155    0.005773
1.329161    0.125643
1.334168    0.068179
1.339174    0.328537
1.344180    -0.298434
1.349186    0.258970
1.354193    0.277943
1.359199    -0.224440
1.364205    0.030452
1.369212    0.021172
1.374218    -0.139462
1.379224    -0.050491
1.384230    -0.106149
1.389237    0.317271
1.394243    0.188509
1.399249    0.232351
1.404255    0.143061
1.409262    -0.141624
1.414268    -0.058291
1.419274    0.086176
1.424280    -0.178438
1.429287    0.103671
1.434293    -0.047758
1.439299    -0.076633
1.444305    0.077264
1.449312    0.028022
1.454318    -0.102268
1.459324    0.116008
1.464330    -0.230083
1.469337    0.014176
1.474343    0.000203
1.479349    -0.145994
1.484355    -0.061692
1.489362    -0.309573
1.494368    0.005164
1.499374    -0.172943
1.504380    -0.235613
1.509387    -0.012072
1.514393    -0.287510
1.519399    -0.405769
1.524406    -0.440837
1.529412    -0.129475
1.534418    -0.425657
1.539424    0.016238
1.544431    -0.572821
1.549437    -0.019766
1.554443    -0.256423
1.559449    -0.316552
1.564456    -0.397866
1.569462    -0.270441
1.574468    -0.350227
1.579474    -0.193426
1.584481    -0.356182
1.589487    -0.365203
1.594493    -0.456742
1.599499    -0.425195
1.604506    -0.384918
1.609512    -0.702010
1.614518    -0.662050
1.619524    -0.362588
1.624531    -0.462598
1.629537    -0.529846
1.634543    -0.513350
1.639549    -0.477664
1.644556    -0.624244
1.649562    -0.673267
1.654568    -0.540121
1.659574    -0.728934
1.664581    -0.533292
1.669587    -0.861908
1.674593    -0.463743
1.679599    -0.558391
1.684606    -0.601573
1.689612    -0.502766
1.694618    -0.409994
1.699625    -0.516720
1.704631    -0.953438
1.709637    -0.877004
1.714643    -0.785833
1.719650    -0.694475
1.724656    -0.626207
1.729662    -0.817324
1.734668    -0.684140
1.739675    -0.828189
1.744681    -0.808315
1.749687    -0.928215
1.754693    -0.855194
1.759700    -0.917761
1.764706    -0.858431
1.769712    -0.549725
1.774718    -0.844516
1.779725    -0.300131
1.784731    -0.612349
1.789737    -0.648387
1.794743    -0.792963
1.799750    -0.545517
1.804756    -0.721442
1.809762    -0.599428
1.814768    -0.214366
1.819775    -0.591370
1.824781    -0.380999
1.829787    -0.633052
1.834793    -0.504675
1.839800    -0.203230
1.844806    -0.529794
1.849812    -0.128157
1.854819    -0.255412
1.859825    -0.404667
1.864831    -0.181222
1.869837    -0.082940
1.874844    -0.085135
1.879850    -0.360251
1.884856    -0.176707
1.889862    -0.044173
1.894869    0.046017
1.899875    0.218273
1.904881    0.223710
1.909887    0.072662
1.914894    0.410064
1.919900    0.528995
1.924906    0.610193
1.929912    0.781751
1.934919    0.842872
1.939925    0.889706
1.944931    0.918400
1.949937    0.793089
1.954944    1.225361
1.959950    1.316300
1.964956    1.455828
1.969962    1.359415
1.974969    1.530675
1.979975    1.998968
1.984981    1.989665
1.989987    2.259061
1.994994    2.329151
2.000000    2.504463
