-0.752759 2.426557
2.704286 -0.588723
1.391964 2.062543
0.591951 3.517453
-2.063888 0.010291
-2.064033 -3.147665
-2.651498 -10.938547
2.197057 -2.072603
0.606690 1.540173
1.248435 1.247007
-2.876493 -15.615122
2.819459 1.322621
1.994656 -2.032685
-1.725965 -0.333926
-1.909050 -2.552164
-1.899573 -3.440380
-1.174547 4.118199
0.148539 2.788062
-0.408330 1.647597
-1.252625 0.697020
0.671117 0.764745
-2.163037 -0.844999
-1.247132 2.268615
-0.801829 1.319668
-0.263580 3.066020
1.711056 -1.839712
-1.801957 -4.263398
0.085407 2.739303
0.554487 1.260916
-2.721298 -9.475878
0.645269 4.117585
-1.976855 0.091278
-2.609690 -9.243161
2.693313 -2.982578
2.793792 2.809283
1.850384 -1.552861
-1.172317 2.910761
-2.413967 -6.234320
1.105398 0.295391
-0.359085 3.323748
-2.267771 -5.327619
-0.028939 2.236572
-2.793669 -11.729009
2.455922 -2.558332
-1.447320 0.795813
0.975134 0.531935
-1.129734 2.624506
0.120408 4.998648
0.280262 -1.620227
-1.890873 0.748209
2.817508 0.891274
1.650797 -4.432517
2.636994 -1.964023
2.368964 -2.382176
0.587400 -0.598776
2.531245 -2.808758
-2.469045 -8.569069
-1.824103 2.249075
-2.728636 -9.231727
-1.048018 5.109818
-0.667936 4.734018
-1.371906 0.500634
1.972425 -2.563362
-0.859480 4.249123
-1.314393 0.587048
0.256176 3.486799
-2.154455 -3.621728
1.813182 -2.153215
-2.552696 -6.964690
2.921322 0.048262
1.633469 -1.831024
-1.807706 1.479434
-2.966867 -16.308253
1.892769 -0.770231
1.241144 0.514791
1.374043 -1.180906
1.627622 -0.789119
-2.555732 -9.950049
-0.849206 4.912869
-2.304786 -5.163779
2.178621 -2.666702
0.739789 2.639630
-1.014612 2.215144
-2.618650 -11.082655
-1.134106 0.660491
-1.048900 4.109590
1.377637 -2.646081
0.825345 3.445179
2.323276 -4.976509
-0.166710 5.842438
-2.282435 -4.315193
1.279469 -0.621184
1.564710 -1.969327
0.367663 2.726016
1.625803 -1.331251
-0.037226 4.727717
0.136397 2.877491
-0.434754 3.827061
-2.847485 -13.124205
-2.352651 -5.533004
-2.811425 -11.511285
0.818462 -1.731898
-1.113864 1.025636
0.051424 4.008943
2.445399 -1.498758
-1.504247 1.315336
-0.537702 3.678376
1.533307 -0.564052
-1.627211 0.113126
-2.538121 -8.997040
-1.261491 2.903375
-2.032672 -3.559576
2.578186 -0.951788
1.848722 -4.193391
0.800423 2.430483
2.228764 -1.173930
1.822032 -1.219389
-1.880580 0.665890
2.355354 0.663663
0.236053 3.989159
1.844641 -4.395453
2.376548 -3.738690
-1.091979 2.164780
-2.339688 -5.254350
-1.632389 1.668725
-0.437353 2.514729
1.908089 -1.431503
2.164383 -3.013721
-2.958287 -15.447129
0.064484 0.756185
-0.495534 2.250713
-1.667353 -1.346577
-2.280808 -6.077172
-0.974309 4.927502
2.657458 -2.829919
-1.060782 7.122999
0.112744 3.499953
1.218114 -0.035815
-0.818222 2.271628
2.830692 0.114611
2.774684 -1.970503
-1.489306 1.848322
-0.016509 6.872815
-1.194730 2.679847
-1.290957 4.230205
-2.778678 -12.489833
0.657386 1.256204
0.016074 5.623745
-2.691127 -10.993594
-1.328121 5.086888
2.449595 -0.688764
-1.562629 0.443567
-2.130631 -2.073724
-0.063283 4.580466
2.913903 0.286640
-1.547668 -0.987881
1.032813 -0.885524
1.569718 -1.533627
-1.574175 1.112645
1.369298 0.226141
-0.793301 3.848339
0.793835 -1.096768
0.801178 1.454809
0.214648 3.436239
-2.458261 -5.923147
2.011815 -0.188029
-1.075320 4.392245
-1.880889 -0.121795
-2.755349 -11.164124
0.545358 -0.857956
1.065386 0.756230
-2.900473 -13.183283
0.072558 3.256125
-1.641025 -1.074240
0.871037 -0.943674
-1.953801 0.177362
1.145626 -0.173743
-0.679588 4.670289
2.620380 -1.441675
-2.174874 -3.425374
-0.953602 4.789820
-2.319159 -5.826742
2.548162 -1.471126
2.264036 -2.569951
-1.452350 1.190034
0.959904 -0.047031
1.903333 -1.373098
0.331205 1.505997
0.177903 4.492663
-1.548886 0.019076
-2.441383 -6.825717
2.383295 -2.473630
2.402508 0.372689
0.798609 1.186950
-0.965821 4.909572
-0.904743 1.228581
1.355734 -0.270581
2.382662 -0.480093
2.322519 -1.730582
1.679253 0.223500
0.852190 -0.042344
-2.495160 -5.133863
-2.030228 1.378492
2.391325 -2.351711
0.638574 0.695463
-2.944818 -12.105287
-2.391171 -3.545533
0.981011 -0.429116
-2.969630 -15.367614
-2.035152 -2.537223
0.292403 0.308420
1.151371 -1.508346
0.911768 -0.948345
-1.654384 -0.391326
1.273075 -0.511393
-1.576505 1.562790
-1.047602 5.529135
1.478948 -2.462731
0.897797 2.075471
2.095340 -2.180461
0.945677 0.384145
0.409852 3.025375
-2.437951 -8.185621
-0.793705 4.155059
-1.408786 2.287644
-1.536062 2.167258
2.838063 -0.478160
-0.641414 7.340141
2.352279 -2.793193
0.786832 0.130481
1.768868 -2.459819
0.015823 2.134841
0.461423 0.914700
-0.044894 4.870849
-1.828542 1.718636
1.334713 -1.474427
-1.315366 1.168059
-2.854104 -11.984400
0.872834 -0.155729
-1.937336 -0.315528
2.642752 -1.133414
2.723571 -3.520658
2.489186 0.619187
-0.779048 6.287205
-2.907260 -14.533576
2.569911 -2.160290
-0.430895 4.027781
2.799929 -0.530531
2.781720 -0.098756
2.118057 1.146771
-1.233307 2.437980
-0.689414 2.447196
2.106820 -3.933286
-1.098468 1.989859
-1.983044 -1.701679
0.340808 4.890634
2.616929 -2.267476
1.176179 0.136809
0.420367 1.959723
-2.416941 -4.452859
0.690043 5.003206
2.940323 -1.341268
-2.159496 -4.046595
0.109978 4.332436
2.264238 -0.853649
1.444612 1.883936
1.182094 0.660785
1.214905 -0.843343
-0.843053 4.419607
-1.238449 4.349707
1.856167 -0.418460
1.860680 -0.894047
2.202434 -0.284024
2.479443 0.039251
0.068054 4.931730
0.009098 3.954770
1.789771 -1.807586
0.899784 0.813208
1.211801 1.513748
1.774756 -2.759599
2.340032 -1.291239
-0.972029 2.761035
-0.746502 3.659403
-2.436108 -4.560348
0.469681 2.134373
-2.784346 -11.457694
-0.206412 1.317515
0.255868 3.537458
-1.280752 3.510913
0.545000 4.879393
-2.816999 -12.527365
-2.775911 -11.061412
1.935603 -1.367076
-0.838856 5.904334
-2.237637 -4.278038
0.133460 3.131428
1.619961 -0.351596
-1.705074 0.722768
0.737343 0.403692
-2.487915 -6.860453
-2.689910 -8.424044
0.188128 1.044830
0.243811 2.647747
0.824579 -0.234929
1.356548 1.119382
2.855112 -3.140043
0.097802 1.955003
-1.062261 3.736935
1.771117 0.819694
-1.375006 2.082793
-0.366171 2.714097
-2.529262 -4.886391
-2.847896 -14.757782
2.775890 -4.401765
2.015881 -1.152227
1.175845 -0.951037
-0.546282 2.121094
-1.960234 -0.394135
-2.061378 -1.990361
-1.498543 0.773625
0.295360 0.397022
1.287576 0.811418
0.961184 1.388290
-1.320397 2.248872
2.729192 1.537562
1.427382 -2.450705
0.326124 -0.050822
0.670324 0.232887
-0.482400 3.561039
-1.513614 1.909139
-0.864164 3.147669
1.547077 -0.586783
-2.913639 -15.604549
-2.303564 -2.706740
-2.723984 -10.685469
-2.755627 -9.387381
2.132764 -1.359226
1.221947 0.361728
-0.154957 4.133891
-2.412995 -5.514387
-0.050305 4.061593
-0.159169 5.279649
-1.960789 -1.166587
-0.396890 4.637000
-0.608972 3.525407
0.695101 3.358101
0.810562 -0.157851
-2.728176 -7.926601
-0.752324 3.552317
0.755159 -1.125480
0.018818 3.154100
2.138939 -2.896640
0.952162 1.700328
-2.022393 -2.978110
-2.576588 -9.035393
0.854516 -2.107596
-2.840932 -13.146103
0.514653 -1.914810
2.641381 -3.816571
0.452845 3.035282
-0.670980 4.829361
0.859729 1.349494
-0.250483 1.967353
0.273701 2.301389
2.648789 -1.430220
-0.683384 1.909230
2.767143 1.126434
2.432104 -0.453215
-1.825253 -0.719259
-2.583832 -8.428509
-2.395332 -5.653647
-2.890669 -16.385594
-2.433342 -6.813565
1.098041 -1.003939
-2.572868 -9.816018
-1.086146 2.694315
2.069252 0.849927
-2.860368 -11.837396
1.886811 -2.543881
-1.308871 3.299701
-2.291011 -2.629874
1.180423 1.176426
0.773657 1.055411
2.264832 -2.846739
1.410426 0.242202
1.820886 -1.011606
-1.307793 3.787616
-1.935363 -0.295847
1.503689 0.553636
1.841008 -2.432168
2.943031 1.441741
-0.524294 3.943066
-0.767891 6.714689
1.658478 -2.370534
-0.955179 5.983727
2.584544 -1.255857
2.150477 -2.855047
-0.426036 2.869771
1.505226 -1.504621
1.527257 -0.436108
-2.381257 -5.009014
2.415317 -2.646506
0.031514 2.899264
1.958745 1.449438
-1.079702 5.722475
2.373139 -1.167430
-0.664790 3.709350
-2.934974 -13.927933
2.432292 -0.848787
-2.452280 -8.219651
-1.084118 2.734708
2.700372 -3.808463
2.703643 -0.698684
0.440627 2.899331
0.791023 0.189791
-0.309327 5.850015
-1.240735 0.840504
-1.028013 1.048084
1.035111 0.535248
1.514247 0.526662
1.749474 1.031424
1.737709 -2.163682
-2.452763 -5.073681
-0.033478 3.007830
-2.654647 -9.760083
0.297173 3.638291
-0.350817 4.510843
2.326225 -4.216648
-0.894510 5.685783
-2.297598 -2.733874
-2.142050 -4.074565
1.569064 -0.567289
0.709308 1.897120
-2.393264 -5.549680
-2.495359 -8.075993
1.205815 -1.287231
-2.563422 -8.219138
1.931160 0.022532
1.237453 0.450395
-2.511907 -8.028385
-2.490974 -6.034628
2.919837 -4.896564
-0.754375 5.334350
-0.776147 0.986061
1.876797 -2.218712
2.683491 -3.025759
2.916006 -2.580210
1.520269 0.684077
-0.742442 2.917243
-2.498996 -6.779317
1.662881 -1.415275
0.350425 2.888868
-0.454668 3.729506
2.438126 -3.687421
-2.332815 -3.718022
-0.044249 2.345471
-2.931878 -16.387287
-0.188036 2.688146
-2.662180 -7.362853
-2.287093 -3.409086
-2.294843 -5.295523
0.895262 0.082571
1.476269 -1.441567
0.500213 4.877021
2.773035 -0.538898
-0.750777 4.258624
-1.285727 4.070451
2.211595 -1.525765
-1.658425 0.347195
2.779335 -1.388069
-2.927073 -14.073790
2.819273 -1.028126
-2.741041 -9.739573
2.346859 -1.762143
0.166207 3.735693
2.957789 -0.596741
-2.557221 -7.976174
0.323126 -0.751976
2.815815 0.391322
0.138587 3.220842
0.776392 2.454889
1.174492 -4.538620
-0.272754 6.578650
0.765348 0.781163
0.505886 3.408131
2.406948 -3.353629
-2.727322 -9.695433
-1.314221 0.840761
2.702469 -2.236075
2.341583 1.027730
-0.266059 3.151733
0.720796 1.448346
-1.335713 3.644031
-1.871273 0.007790
-0.217810 3.599152
-0.879887 4.037570
0.501937 5.362151
-2.533592 -7.853828
2.846369 -0.582890
2.917264 0.942525
1.188970 1.424362
0.216578 4.296181
-1.142834 3.930169
1.882770 -3.396792
1.108387 2.439986
-2.024298 -3.735831
2.465563 -1.277894
1.935223 -2.872176
2.698799 -1.405651
1.354317 -0.174473
0.680491 1.722929
-0.490542 4.266187
2.596371 0.889707
2.196383 -1.203599
-2.728688 -11.002293
-2.841798 -11.036174
-0.741220 5.403742
1.863320 -3.499718
2.923657 0.286835
-2.097499 -1.646618
0.564784 1.131386
-0.714655 5.697494
2.819486 -1.196702
2.052714 -1.648731
2.029972 -2.081955
-0.187841 3.353396
-0.511083 1.997557
-1.359558 0.084462
-2.661747 -7.215727
2.188334 -3.153924
1.877406 -3.162882
2.998306 -3.537360
2.979821 -1.343873
0.332590 0.235840
1.613924 1.211408
2.668594 0.133920
2.097884 -2.892818
-1.515911 4.911119
-0.296735 4.947392
-2.225044 -4.486036
2.724306 -4.994246
0.637048 4.804589
-1.628143 -1.167074
1.030204 -2.255403
0.708769 2.691518
-0.851024 7.184413
-2.318654 -2.970399
1.029439 1.060763
0.121846 3.631528
1.633910 -0.010298
0.120981 3.879753
2.113089 -1.444940
0.311441 2.432129
0.365628 2.038873
2.259922 -3.008497
-0.579103 3.237657
-2.195909 -6.228387
-2.827304 -12.385514
1.530824 -2.562957
0.721857 -0.536320
1.224479 -0.060374
-1.722215 2.419138
-2.181771 -2.163885
-2.912732 -16.066917
-0.896475 1.983873
0.539506 3.061380
-0.646536 2.182602
-0.375150 3.218067
2.424952 -0.951462
-0.910467 1.996311
0.083937 2.982031
1.701918 -3.415880
-0.620743 2.757455
0.732520 1.567259
2.174182 -4.271583
2.697124 -0.652826
-2.117559 -2.922834
2.559526 -0.767776
-0.047302 3.427738
-1.450534 3.896424
-0.245185 3.598699
2.880195 -1.412762
-0.044291 3.269632
-1.027490 4.060665
0.800405 0.960091
-1.559126 1.367070
-2.544820 -8.974944
-2.226722 -5.011221
-2.231725 -6.174834
-2.088584 0.011522
-2.167037 -5.255236
0.845248 -0.285247
-1.908719 -2.108957
-0.925996 4.768410
2.380730 -2.258494
-0.156230 5.152877
1.005346 -0.725732
-1.966081 -1.087832
-1.846266 -1.797607
-2.754788 -7.832179
-1.986390 -3.462403
-1.328458 2.831655
-1.937937 -0.319239
-2.467785 -6.266044
-2.276185 -4.839259
-0.235327 3.202953
-1.761998 0.128969
-0.814381 3.342344
0.020504 4.404311
1.142369 3.210438
-2.764127 -12.035979
1.796462 -3.621521
0.767402 0.852049
-2.509446 -3.569716
2.241472 -3.086694
2.525234 0.807504
-2.633532 -6.671396
-1.338734 1.496789
1.837208 -0.770746
1.489558 1.453442
-1.892874 -1.473566
-1.743904 -0.118786
-0.777167 2.722326
-0.092862 1.652841
0.709529 0.181509
-0.786518 1.751519
-0.224792 3.434392
1.484826 -2.133457
-2.779901 -11.104263
-1.485378 -0.649337
1.280098 0.018561
2.371241 -0.573041
0.070065 -0.136452
0.192681 3.134749
-2.356968 -3.657747
-0.315526 1.681416
0.195704 5.075239
-1.545177 2.009186
-1.384541 1.084171
-0.736295 3.538796
-2.879573 -12.292313
-1.067525 3.273246
-1.731312 1.079076
-1.035016 1.849127
-2.281427 -4.366308
2.343164 -3.962927
0.561555 1.420180
1.074614 -1.270364
1.735027 -2.574240
-0.009347 4.872728
-2.478478 -5.389969
0.222639 3.414465
0.521047 0.064379
1.472637 -1.425454
-0.410043 5.403499
-2.234518 -3.888629
-1.297345 5.962178
-0.821506 4.145936
0.875503 0.952799
0.424670 1.508866
-0.863420 3.710722
2.919091 -0.855274
0.634649 2.437342
-1.576639 2.645784
-2.389305 -7.070917
-2.082845 -4.554997
-1.524254 -1.264506
-2.035912 -1.359476
-1.880598 -2.463339
-1.289429 -0.717550
-1.959758 -0.869775
2.380593 1.923321
-2.518598 -7.572064
0.147068 3.939235
-0.537619 3.773446
2.894272 -0.866668
-2.327767 -3.774547
-0.612866 3.224497
2.816823 -0.578919
2.193043 -1.401213
1.902432 -2.707411
-1.452583 3.328759
-1.974674 -1.842261
1.011859 -0.867967
2.576256 -0.762833
0.340577 0.851704
0.429676 2.001037
-1.320125 2.384983
1.616958 0.371276
-1.877738 -0.073911
-1.057925 3.143246
-0.447381 4.836460
0.045662 4.991532
-1.545542 2.215443
-2.310979 -4.942297
0.663720 -0.677632
-1.268217 0.988832
0.487429 1.340103
-2.073824 -3.387008
-0.113159 2.929771
0.195537 2.651758
-2.689059 -9.226930
-0.980374 3.230504
-2.193512 -2.934053
-2.619750 -8.889289
2.939761 -3.510360
-1.065877 1.753970
1.859247 -1.869262
-1.472156 -0.066183
1.089016 0.944476
1.561367 1.151154
0.573832 3.379814
-0.170543 2.983539
-0.528955 5.884248
-0.906790 3.677047
2.577175 -2.071596
1.983716 -2.706602
2.790161 -1.515324
-2.254217 -4.899016
1.385205 -0.488376
2.630043 -1.223607
-1.912602 -1.058073
-2.601022 -8.059300
1.446724 0.894913
0.446839 3.335665
2.050973 -4.063382
-2.161366 -7.162364
1.771604 -0.127864
-1.790236 -2.184584
-2.018064 -2.297488
-2.014405 -3.682808
1.887448 -4.390840
0.991183 1.137785
0.138393 3.840290
-0.847017 2.664502
2.263203 -5.763313
-0.645329 2.837178
1.899597 -1.114332
-0.365191 1.327625
-0.738333 3.896297
-0.223921 3.359095
-1.191733 3.701865
1.485656 -0.801000
0.016322 1.507434
-1.606724 2.836503
2.397447 -2.040025
-0.696653 3.600907
0.261317 1.004442
2.438833 -2.427102
0.745428 -0.277752
-2.298612 -5.075026
2.638993 1.121784
0.766248 -1.069966
-0.990566 0.897342
-2.164368 -1.155370
1.764151 -1.831741
0.720437 0.119647
0.200767 4.114001
2.363355 -2.737472
1.731583 1.273764
-2.089951 -1.609024
-1.129668 2.275277
-1.509065 4.803079
1.463678 -1.838894
-2.798805 -10.651178
0.419338 2.436118
1.574752 0.779865
2.260594 0.464877
-0.947510 3.440371
1.927544 -2.862902
-2.336210 -4.562443
2.078714 -2.868148
-2.235068 -1.087092
-0.616276 3.864570
1.783772 -2.095897
-2.100495 -2.450264
-1.624492 -1.081969
1.333515 -2.072697
1.320219 1.219165
0.846886 -0.236072
1.163691 -1.734838
0.256347 3.221852
-1.489206 3.444357
-0.925824 4.504713
-1.910414 0.449083
2.450703 -2.884338
0.500351 -0.371207
-0.594891 5.911844
-0.227965 2.903625
2.683700 -1.722011
-2.079892 -0.537817
0.517379 2.547616
0.035332 3.611692
0.668725 4.522945
-2.891339 -14.299974
2.232743 -0.490626
2.592710 -1.452189
0.390799 2.467864
1.179905 2.083599
2.534996 -0.874482
