0.260430 -1.586335
-1.329784 2.002961
-0.452894 -0.899224
2.068657 0.086420
-2.971687 -20.429982
-2.270585 -0.374428
1.024495 2.926532
1.955117 1.431228
-2.179760 -0.730282
0.450560 -1.840447
2.347932 0.766537
-1.744787 2.486251
-1.888031 1.655008
-2.349739 -0.477665
-1.681815 1.401673
2.871743 -3.865732
1.870099 -0.027785
-1.968354 0.288071
1.897348 0.803576
-1.355558 0.017467
-0.409775 -3.438952
2.640179 -1.288779
1.905896 2.285418
-0.983328 0.675661
-1.947537 1.822005
-0.763008 -2.327193
-2.965869 -18.622404
-1.485442 -1.482773
1.773975 2.114047
-2.908470 -16.485777
0.593060 0.716308
0.622827 0.281936
-2.369114 -0.240429
-0.708339 -0.284937
-2.781144 -10.325739
2.342469 -0.111649
2.885525 -4.813856
-2.640348 -6.982564
2.343276 -0.625339
0.461409 -0.240809
1.454878 1.552605
0.781104 0.619490
0.491053 -0.507129
-2.877365 -14.148067
-1.739841 5.088598
0.268109 -1.275528
1.614691 2.922883
-1.495829 -1.203635
-1.284626 0.061408
2.114371 1.359954
2.850039 -2.430206
2.309120 -0.925825
-0.842953 -0.457877
0.593154 -2.297508
-0.871226 -1.827915
-0.958859 -1.104954
-1.931514 4.146472
-1.573835 1.516129
-2.730826 -6.739834
0.032589 -4.570675
-0.742485 -2.638496
0.556832 -0.305141
0.779651 -0.967863
-2.144398 2.386865
2.603048 -2.894464
2.678279 -1.133840
0.613780 -1.466142
-0.673402 -2.268676
-0.820872 -0.074258
-1.773928 1.047696
-1.339410 1.189083
-1.520785 1.441265
-1.958352 1.789447
2.799658 -0.789522
2.742076 -2.013675
0.587842 -0.579558
1.387805 1.872492
-0.957689 -2.251887
-2.447666 -1.712640
-0.219012 -1.520369
0.052193 -0.833106
-2.469239 -0.213675
0.168211 -1.164324
2.952948 -5.760736
-0.629784 -1.554652
-0.986421 -1.434498
1.832703 0.897751
1.526094 1.072222
-1.121601 -0.150924
0.804220 -0.714743
0.242427 -1.134164
-1.219237 -2.016546
-2.335273 -3.993035
-1.124158 -0.399047
-0.258125 -4.046670
0.953640 0.064732
-1.474455 -1.086753
0.846608 -1.996397
-1.799258 2.263147
0.945749 0.123501
1.669735 1.881207
1.677590 1.893693
0.661969 -1.080467
-1.145998 1.702782
1.186409 1.838361
2.157710 3.938394
0.751943 2.002275
2.894447 -3.047537
2.859001 -3.617246
-1.999835 1.092946
-2.860931 -13.935527
-2.035533 1.852027
2.540981 -0.088332
2.721299 -3.808951
-1.734129 1.868863
-0.836848 -2.775590
0.296252 -1.231946
-1.369015 1.449402
-0.236390 -1.016177
1.176969 1.727206
0.002135 -2.759949
1.296426 1.185382
0.155736 -1.689423
-2.991606 -18.946284
-0.631798 -1.436087
-0.046998 -1.784671
-0.582718 -0.701779
-0.874210 -2.789318
0.003686 -1.662600
-0.328940 -3.345760
-2.457403 -2.578290
-1.358622 -0.835809
2.660863 -2.047966
-2.840732 -14.038190
-2.760008 -10.496526
-1.301158 3.274260
0.494065 -0.012558
2.945357 -3.128992
2.955853 -5.350134
2.958704 -2.984376
-2.339710 -0.949697
0.986889 0.213176
0.143921 -1.086366
-1.961101 2.058650
2.657761 -0.584305
-1.548839 -0.089487
2.993594 -5.586523
0.496163 -1.318668
-1.900326 2.089319
-0.678927 -2.264966
-1.861959 1.897533
-0.535376 -2.382936
0.568080 0.579957
1.299517 0.971942
-0.078651 -2.594272
-1.142461 -0.052035
0.464648 -0.978718
-0.349753 -1.903981
-0.841931 -2.777620
-1.072008 -0.309401
-1.750757 1.723662
-0.292448 -3.270825
-0.048943 -4.042063
2.394458 -0.131518
1.376163 1.607348
1.620539 1.864734
-0.747365 -2.002281
-0.937563 0.682951
0.930211 -0.612730
1.266228 1.505068
-2.318775 -0.933722
-2.201828 -1.680561
-0.263766 -2.104391
-2.041583 0.074118
2.769851 -1.998537
2.025694 2.312059
0.120964 -1.327864
-1.690366 2.454991
-2.190488 0.322581
2.874422 -2.890805
1.242261 2.631104
2.159853 2.180830
-0.676964 -0.203526
-1.494996 -0.474126
-1.203372 0.503683
2.141373 -2.012116
-0.162096 -1.006288
0.979662 0.067484
1.834372 2.125173
-1.482117 0.670982
-2.522559 -2.980967
1.396564 2.608388
2.768385 -4.204168
2.722828 -3.182758
-0.057006 -2.442524
0.793152 1.161353
1.397970 1.520379
2.414457 -0.666259
-2.026518 4.467399
-0.564712 -4.986908
-0.497456 -1.375284
1.173546 1.462537
-0.450917 -1.215126
2.148685 1.980482
2.081595 2.640115
-2.578805 -5.679752
-1.189486 1.471203
2.877742 -3.166260
-2.786238 -11.073575
-0.045644 -1.028581
2.714261 -4.253451
1.863443 2.506266
-1.234017 0.063546
0.577401 1.119423
-0.412933 -2.940998
0.554385 -1.059801
2.362513 -0.559115
0.324127 -1.758405
-0.042801 -3.809450
-1.084377 -0.382902
-1.419805 0.077297
0.253684 -0.462591
-2.506413 -2.185121
0.813820 -1.275622
1.778431 1.868264
2.728485 -2.408927
1.107746 0.262735
-0.070241 -0.451033
-0.087514 -2.106802
2.800158 -2.594853
-1.731913 1.412132
-0.530111 -1.188277
2.937993 -0.753689
-2.829529 -12.588568
1.207959 1.893562
-2.848971 -12.215741
-1.074710 0.290375
-2.558838 -4.194647
-2.634693 -8.005063
-2.331562 -1.708775
-1.984387 2.481583
0.766118 -1.834648
-0.369641 -1.377891
1.985423 1.777833
-1.561247 1.975401
-1.859684 2.707434
1.271398 1.537269
2.149770 1.652913
0.354335 -2.548902
1.226522 1.766329
0.630672 -0.186752
0.355304 -2.394750
2.162365 0.603338
2.518532 1.292309
2.097644 1.766772
-1.473201 -0.446642
2.265333 -1.030192
-0.389219 -0.889011
1.376966 -0.212047
-0.524155 -0.245768
-1.854984 0.874410
1.236117 1.674335
-1.556203 1.439200
2.107947 0.936373
1.944614 2.289973
0.151271 1.744045
-0.681955 0.403969
0.545285 0.710614
-2.174858 -1.678739
1.849622 1.719425
2.794955 -1.613916
1.678775 1.387745
-1.563990 4.050302
2.203562 0.938018
1.848690 1.679443
-2.617913 -6.572934
-1.612630 1.494347
0.538113 0.471556
-2.175078 0.846934
1.070644 0.231989
2.953144 -2.418416
-1.285488 1.644355
1.565477 1.357864
-2.720837 -7.537144
-1.004785 -1.225864
2.667317 -1.408800
0.819102 -0.699558
0.611092 -0.445060
2.569108 -0.135697
-1.909924 -0.251389
-2.893061 -14.826888
-1.859567 1.494665
0.131231 -3.324131
-0.025068 -3.399337
1.802947 -0.336273
2.156618 0.056647
-1.722264 4.943463
-0.376387 -4.141749
-0.470295 -2.083571
-2.671696 -6.248819
-2.940398 -16.497315
1.738594 1.439774
-1.348121 3.043720
1.306440 0.407859
-0.471864 -2.431988
-2.139985 0.483399
-1.844870 1.535261
-1.117109 -1.420655
1.831021 0.141782
-2.924245 -16.624199
-2.705364 -9.856872
0.396002 -2.171959
1.120864 1.893508
1.360865 3.579658
-0.121837 -0.707388
-0.794060 -2.871823
2.039821 -1.150179
-0.275019 -2.144790
-1.071805 -1.063646
-2.443681 -1.911894
-2.637372 -5.265740
-2.454293 -1.127865
1.096239 3.158540
1.084415 0.131760
-1.540955 1.351847
0.842769 0.988525
-2.585165 -3.914793
2.237520 -0.792926
-2.342358 -0.111632
-1.985665 1.422575
-0.195732 -0.704210
1.655695 2.068218
2.126667 -1.599973
-1.737681 1.088144
-2.540149 -5.212870
1.733489 3.315968
0.285000 -2.669674
1.717529 1.019970
2.520282 -2.179857
-0.114163 -2.732523
-0.242678 -1.573958
0.593875 -0.799501
0.595913 -0.003798
0.026241 -0.365174
-1.158729 0.218871
0.248118 -1.281328
2.549562 0.028265
2.823305 -3.334051
-0.625232 -0.296218
1.792472 0.478976
0.810529 1.205010
-1.620185 0.343627
-2.692757 -7.843195
-2.829217 -10.071855
-2.262913 0.430407
-1.678725 4.086059
1.974137 1.104948
-1.287049 -0.082975
1.686384 -0.934934
0.027995 -2.990225
-2.169306 0.374130
1.668219 0.424601
2.527991 -2.395499
2.658112 -1.426602
1.226615 3.556918
1.163499 1.564658
0.279311 -1.952856
-0.784697 -1.040512
2.894805 -3.057203
-2.606345 -6.133704
2.386070 1.304904
-1.416414 2.096594
0.446855 -0.660357
0.077198 -0.275687
0.326861 -1.527784
0.883004 -0.278822
-1.887155 2.144634
-1.368131 0.598068
-2.109368 2.692594
-2.818175 -12.176146
2.635534 -0.670833
-0.919475 -1.939555
-2.342612 1.330039
-0.730038 0.534475
-0.695523 -1.642560
0.992542 0.044904
-1.533054 3.772613
0.968886 -0.659023
-2.409043 -2.863917
0.485176 2.237897
-2.358807 -1.698443
0.289527 -1.078271
0.118510 -2.277173
-1.222595 -0.435932
-0.265626 -1.369122
-2.768001 -9.672214
0.594018 -0.547089
-2.997079 -19.931065
0.010882 0.416447
0.010357 -2.932765
-2.635982 -4.442541
2.699022 -2.224790
0.651954 -0.415296
1.032016 1.070750
-0.223359 -2.165194
1.225639 -0.591955
-1.913597 2.064237
0.885493 -0.047704
0.408652 -4.243366
2.724830 -1.792131
1.780141 1.676359
0.511862 0.265598
-0.267870 -2.503015
1.430709 1.008405
1.873418 2.243668
2.563747 -2.395737
1.958254 1.031275
-2.820260 -9.884908
1.636817 2.650045
0.130664 -2.060998
2.312324 0.514010
-0.248630 -0.836043
0.244335 -0.638250
2.446590 0.973667
0.337860 -1.451608
-1.877312 2.026032
1.086668 0.116890
-2.916920 -13.621987
-0.719450 -1.873316
1.852107 0.525280
0.456752 -1.756137
-2.089293 2.945385
-1.020871 -1.971834
2.710639 -3.181282
-2.817692 -11.135779
1.669041 0.705716
-1.911697 3.906989
-1.718059 1.972083
0.915577 -0.045175
-2.135448 1.050992
-0.713956 -1.808526
-0.565593 -3.016181
0.953793 1.102842
0.070936 -1.538144
-0.104489 -1.759659
0.144131 -2.523454
1.837715 1.618097
1.826346 0.701520
-2.113797 1.445348
2.960721 -3.805670
-2.593394 -7.668584
2.974895 -6.227462
-2.259302 1.000117
-2.628425 -5.931091
1.224213 0.847152
2.765878 -3.919824
1.272906 1.845978
0.978488 0.053144
-2.197950 1.727412
-1.917929 0.684290
-2.059705 1.324658
-2.457159 0.000048
2.831197 -4.038638
0.059167 -1.601831
-0.294735 -1.892151
-1.021794 -0.130574
-0.038928 -3.977538
-2.138394 1.138998
-2.094478 0.610423
1.892031 1.848179
-1.732309 1.807030
-2.480746 -2.516705
-0.676455 -2.919150
2.360420 -0.448278
-0.428140 -0.361105
1.597824 2.521283
2.971592 -4.700900
-2.879623 -12.526228
-2.350811 -1.655888
1.168456 2.944703
2.343984 -0.256887
-0.045142 -4.277782
-2.578392 -5.478617
-2.469376 -2.485167
-2.362751 -0.163822
-1.792447 0.676011
2.264184 1.222359
2.659335 -1.813346
-2.186183 -0.190049
2.152362 1.125388
1.542950 0.217337
1.117030 -1.493435
2.138360 2.925962
-1.614733 2.472639
0.116028 -0.030572
-0.939999 -1.458666
0.952638 1.918202
-1.303258 1.548286
0.014799 -1.244275
-1.180335 -0.775820
0.315177 -1.954460
-2.033237 1.014701
0.411294 -2.813295
-0.085741 -2.168365
-2.234883 1.170217
0.262153 0.114667
-1.797056 2.601658
1.020965 1.974883
0.348673 -1.145542
-1.605730 3.499328
0.093531 -2.604167
-1.110048 -1.111871
2.079555 -0.111322
-0.315742 0.256247
-2.399489 -0.899183
2.409553 -0.697380
2.136529 2.449940
-1.282021 2.466773
-1.445911 0.578874
-2.601772 -2.147595
-1.094210 0.397268
-2.688942 -5.095672
2.665130 -2.562062
1.303304 1.232217
0.321955 -0.212307
-0.841531 -2.813277
-2.044906 0.738075
-0.402252 -4.841821
-1.323827 0.672054
2.766226 -2.944950
-2.411207 -1.028210
-0.558027 -1.216354
-2.949741 -16.999557
0.408354 -2.119275
0.459659 -1.725143
-2.177134 0.615701
1.033311 1.448770
-2.142758 1.235950
0.055389 -2.017335
-0.787428 0.152817
-1.505356 1.062499
-2.182307 -0.228247
-2.284253 -1.008537
-2.685671 -7.700805
-0.390604 -1.375545
1.624232 2.765079
2.105485 0.559524
0.727696 -0.408620
-0.720674 -1.095301
1.079466 2.748037
-1.117407 -0.563733
1.359828 1.968943
2.486899 -0.229487
-2.430627 -3.479008
0.989862 0.472680
-0.858763 -0.659379
1.573746 1.309314
2.670034 -2.497301
-1.657547 0.981992
-2.656481 -7.850404
0.856811 -0.946194
-2.467337 -2.230422
1.007630 0.851177
0.643328 1.056174
-2.882401 -14.696149
-0.637240 -2.240331
-0.242956 -2.292275
-2.873184 -13.418879
-0.757855 0.615147
0.393403 -0.220995
-2.946749 -16.922800
-2.022928 3.734418
2.388790 -1.302589
-0.867400 0.224635
-1.141479 0.064070
0.492940 -0.886070
0.132988 -3.088353
2.294735 1.606983
-1.365933 -1.858662
-1.201080 -0.039422
-1.149680 -0.631032
-2.393974 -0.532513
-1.229870 -0.815136
1.373429 1.039072
-0.948727 0.548541
-1.283591 3.721249
2.738086 -2.124168
2.996875 -5.682991
-0.975888 -0.838961
-0.149271 -1.103639
1.977898 3.365469
-2.403569 1.004888
0.048688 -0.084775
2.003019 3.590488
1.620738 3.113200
1.896002 1.864407
-2.690700 -6.572298
1.087943 2.714761
2.779762 -2.529062
1.205685 0.504608
-0.540921 -0.878297
-1.757756 4.375862
2.736136 -1.952866
-0.563933 -0.080665
1.301281 1.737081
1.033988 0.973581
2.052823 2.058636
2.644442 -2.238061
-0.181193 -4.668073
-2.353701 0.011107
0.400112 -3.869186
2.878662 -4.252912
-0.396512 -0.941926
1.908207 1.166452
-0.376502 -3.061181
1.863206 1.716011
-1.622349 1.999473
-0.534131 -2.705274
1.385707 4.523979
0.823886 1.723289
1.614856 3.507463
2.737344 -2.926979
-0.743960 -1.135106
2.374209 -2.616769
-1.749117 2.586543
-2.620821 -6.596234
-1.563470 0.526256
1.681195 2.058613
-0.743547 -1.895539
0.488902 -1.898028
-1.549787 1.994758
-0.368672 -2.848475
-1.917286 3.528358
-0.761277 -2.323696
2.183600 -0.623101
2.135962 0.736627
2.640477 -0.672877
-0.565560 -2.586265
2.893861 -4.373139
-0.104376 -5.240127
2.262725 0.717105
-0.546725 -1.010474
-1.081361 -0.259584
0.854812 0.104742
1.256193 0.866926
1.454081 1.577448
0.627088 -2.116729
2.150649 1.165378
0.899441 -1.109039
-1.377085 -0.303664
2.150849 2.700693
-1.915050 4.359692
0.226231 -2.330609
-0.678420 -2.283799
0.717511 2.076318
0.291518 0.358941
-0.216636 -3.303760
1.958669 2.821383
-0.594013 -0.587333
0.717020 -0.409838
0.004255 -1.005118
0.005337 0.354143
0.653419 -1.018029
2.972191 -3.319960
-1.512303 1.837176
1.430600 -0.205357
2.580264 -1.528425
0.506472 -1.614523
2.283883 1.889086
1.152355 0.548013
-0.891490 -1.278670
1.924197 1.515059
-1.577490 1.022739
2.530162 -3.819291
2.513093 0.001147
0.777184 0.355324
0.073339 -0.346156
-1.200891 -0.454955
-0.293627 -1.638888
1.302862 2.453620
-1.261735 -1.084928
-1.746935 0.900371
-1.100778 0.775206
0.439408 0.185293
-0.224843 -1.058561
0.015711 -4.621943
-0.076551 -4.837398
1.675364 1.202775
-0.659185 1.610350
1.611211 2.161812
2.168810 0.042909
-2.079297 3.744538
0.692127 0.086985
0.079389 -3.572995
2.935594 -4.636810
-2.503048 -5.335865
1.268820 2.491768
-1.361073 2.904464
2.969649 -3.679553
-0.871633 -0.874508
-2.468248 -1.736176
2.899502 -5.271909
-0.124542 -1.549677
-0.106998 -2.424031
0.159272 -0.452334
2.658446 -2.395671
-0.055777 -2.888493
-2.819218 -12.316447
2.612822 1.402171
1.483680 0.556452
1.382469 2.905374
-2.368313 -1.617312
1.593615 1.343276
1.247274 0.501933
2.535229 0.460672
0.054428 -2.945390
1.272660 1.455470
2.226290 0.558328
-0.416029 -2.770507
-0.077228 -2.400063
-2.266609 2.911925
-1.859903 1.413570
0.598443 -3.264863
-1.211534 -0.953829
-1.903900 3.792713
0.018166 -1.308933
2.704018 -3.241179
-1.604519 0.347410
1.434492 3.608922
1.570028 1.743445
1.596339 2.861756
2.546975 -1.544779
-1.063148 -0.512391
1.073657 0.893313
-1.969080 3.413461
1.257444 2.384551
-0.064060 -1.476234
-0.348472 -1.692310
0.879455 0.693493
-0.129399 -2.224573
1.685901 1.553886
0.382707 -0.319112
2.094962 -0.224353
-1.005075 -1.097502
1.125830 2.884179
-1.138045 -0.509583
0.964773 0.696667
-0.873152 -0.560825
-2.632125 -4.224617
-0.336549 -3.311247
1.249955 0.279732
-1.455488 1.373965
0.710178 -0.857980
-2.270248 0.157732
0.823946 -1.941181
-2.650250 -7.561032
-2.714255 -7.840087
0.071667 -2.512001
-1.204110 -0.508116
-0.921383 -0.332169
0.895305 0.715760
2.693330 -5.097128
0.097451 -0.966867
1.281261 0.069189
0.516967 0.936557
-0.630385 -1.243207
1.030899 0.684077
-1.576977 3.165542
2.089255 3.601271
-1.245161 1.092161
-2.276062 -1.089736
-0.412895 -1.913736
-1.368291 1.048856
-1.357642 -1.109615
0.853215 -0.896658
-0.300526 -1.666259
2.450909 2.062463
1.652383 3.976185
-0.965325 0.231118
1.222444 0.841720
-1.565288 1.052590
-1.769034 1.430223
1.103812 3.092663
-0.499828 -4.075008
-1.828731 4.554266
-0.658023 -1.778398
-2.408859 -1.852723
-1.064734 0.226717
2.336869 0.866543
2.653631 -1.790584
0.944825 0.907013
-1.826228 2.601940
0.154073 0.135979
-1.135145 1.859689
0.332090 -2.672225
0.213179 -1.802584
-0.209322 -2.156768
1.607188 1.550038
2.321682 -0.388227
1.978856 2.626930
