-3.000000 -14.554929
-2.969849 -14.948745
-2.939698 -13.221446
-2.909548 -11.370263
-2.879397 -13.477984
-2.849246 -12.959939
-2.819095 -9.731847
-2.788945 -10.451316
-2.758794 -11.818270
-2.728643 -9.821514
-2.698492 -10.861400
-2.668342 -10.405328
-2.638191 -8.893709
-2.608040 -11.685868
-2.577889 -10.971915
-2.547739 -8.805772
-2.517588 -9.068519
-2.487437 -6.673882
-2.457286 -8.112234
-2.427136 -8.482482
-2.396985 -3.788184
-2.366834 -5.956670
-2.336683 -5.156698
-2.306533 -7.043653
-2.276382 -5.380116
-2.246231 -4.062560
-2.216080 -5.629143
-2.185930 -3.021041
-2.155779 -4.175624
-2.125628 -3.410346
-2.095477 -3.581483
-2.065327 0.385480
-2.035176 -2.135012
-2.005025 -3.430894
-1.974874 -0.347721
-1.944724 -3.157582
-1.914573 -0.765285
-1.884422 -3.777752
-1.854271 -2.597514
-1.824121 -0.084170
-1.793970 0.946855
-1.763819 0.307750
-1.733668 0.081775
-1.703518 0.001233
-1.673367 -1.574082
-1.643216 -0.251997
-1.613065 0.314215
-1.582915 2.761680
-1.552764 1.855749
-1.522613 -1.146330
-1.492462 2.135930
-1.462312 1.217503
-1.432161 0.918896
-1.402010 2.984858
-1.371859 3.740902
-1.341709 3.712459
-1.311558 1.172008
-1.281407 2.076553
-1.251256 3.141127
-1.221106 4.205816
-1.190955 2.116491
-1.160804 2.644088
-1.130653 1.345051
-1.100503 1.286956
-1.070352 4.371583
-1.040201 5.253582
-1.010050 3.172616
-0.979899 4.842403
-0.949749 3.931177
-0.919598 2.467890
-0.889447 4.019820
-0.859296 5.822331
-0.829146 3.494562
-0.798995 5.923847
-0.768844 -0.328515
-0.738693 4.853898
-0.708543 3.767361
-0.678392 3.199911
-0.648241 3.793663
-0.618090 0.678318
-0.587940 3.329946
-0.557789 4.191121
-0.527638 5.864587
-0.497487 2.859015
-0.467337 2.408815
-0.437186 2.850598
-0.407035 4.954642
-0.376884 4.049679
-0.346734 2.733715
-0.316583 4.266933
-0.286432 3.608279
-0.256281 4.878298
-0.226131 2.332038
-0.195980 2.850613
-0.165829 2.708217
-0.135678 1.052745
-0.105528 3.641285
-0.075377 3.535305
-0.045226 3.095622
-0.015075 2.677996
0.015075 0.846522
0.045226 2.276172
0.075377 2.328571
0.105528 1.572753
0.135678 2.465873
0.165829 3.243699
0.195980 5.394993
0.226131 2.754025
0.256281 2.803363
0.286432 2.228765
0.316583 -0.615728
0.346734 2.143336
0.376884 2.192893
0.407035 5.715698
0.437186 1.649509
0.467337 2.306597
0.497487 1.717527
0.527638 -0.068928
0.557789 3.312074
0.587940 2.638830
0.618090 2.609990
0.648241 -0.028623
0.678392 3.351252
0.708543 -0.944446
0.738693 1.949638
0.768844 4.265889
0.798995 -0.594830
0.829146 -0.047706
0.859296 0.862064
0.889447 -0.131619
0.919598 -1.791150
0.949749 0.549267
0.979899 -1.235047
1.010050 0.981274
1.040201 -1.195202
1.070352 2.422540
1.100503 -1.162799
1.130653 -0.555751
1.160804 1.063781
1.190955 -2.085645
1.221106 0.020055
1.251256 1.558941
1.281407 -2.892406
1.311558 -0.282325
1.341709 -0.246151
1.371859 0.461536
1.402010 -2.640287
1.432161 -2.837567
1.462312 -0.144266
1.492462 -0.550192
1.522613 -0.686532
1.552764 -0.607231
1.582915 -2.209518
1.613065 -0.901544
1.643216 -0.868542
1.673367 -2.435604
1.703518 1.381040
1.733668 -0.757952
1.763819 -3.304191
1.793970 -0.578311
1.824121 -3.068359
1.854271 -0.466111
1.884422 0.053629
1.914573 -2.949857
1.944724 -0.305299
1.974874 -1.159600
2.005025 -0.570884
2.035176 1.019298
2.065327 -2.212522
2.095477 -2.990142
2.125628 -3.205374
2.155779 -3.102768
2.185930 -1.998957
2.216080 -1.372049
2.246231 -1.465351
2.276382 -0.632278
2.306533 -1.842190
2.336683 0.334077
2.366834 -2.223549
2.396985 2.277622
2.427136 -0.835842
2.457286 -3.027354
2.487437 -3.310711
2.517588 -0.938816
2.547739 -1.951188
2.577889 -0.493695
2.608040 -0.798692
2.638191 -1.556715
2.668342 -2.651571
2.698492 -3.582465
2.728643 -1.903603
2.758794 0.132391
2.788945 -0.744101
2.819095 -2.841461
2.849246 -0.615185
2.879397 -0.193495
2.909548 -1.988102
2.939698 -0.316819
2.969849 -0.339349
3.000000 -2.014455
