-2.0560    -0.6974    -1.4398
-2.0911    -1.1444    -0.6094
-2.2272    -0.9250    -0.8359
-2.2616    -0.6543    -0.1878
-2.1287    0.3060    -0.4705
-1.9213    0.3444    0.0674
-1.6881    0.5968    0.2227
-1.9161    0.0818    0.4907
-1.7820    1.2155    -0.1260
-1.7816    0.5050    0.5369
-1.8546    0.3957    -0.1419
-1.7610    0.8523    0.2785
-1.5791    1.1449    1.1070
-1.3916    2.2224    1.0772
-1.6370    1.3854    0.1870
-1.6214    1.4883    0.6128
-1.4057    1.8845    1.1895
-1.4930    0.6559    0.3101
-1.4984    1.8021    0.3340
-1.2891    1.2008    1.2338
-1.1896    1.4884    0.7224
-1.1713    2.3732    0.9996
-1.1969    1.8213    0.2312
-0.9009    1.1462    0.5567
-1.3533    1.6030    0.3705
-1.3196    1.7584    0.8364
-1.2687    1.8517    0.4859
-1.0718    1.4550    0.3993
-1.0777    1.2403    0.7844
-0.8920    1.2383    0.2263
-0.6627    1.5775    0.2974
-0.6385    1.2825    0.7490
-0.9234    1.8491    -0.1604
-0.7813    1.4590    0.5140
-0.7397    1.1396    0.5332
-0.8123    2.0298    -0.0385
-0.7410    1.5204    -0.0633
-0.6274    1.4650    0.2588
-0.4578    1.4011    -0.2030
-0.5323    1.6111    -0.1444
-0.4357    1.2678    -0.3242
-0.2748    1.2972    -0.8368
-0.0818    0.7303    0.3807
-0.3470    0.9298    -0.8367
-0.3015    1.0729    -0.6053
-0.1039    0.8197    -0.7516
-0.0353    0.2443    -0.6247
-0.1264    -0.0461    -0.8443
0.0898    0.3340    -0.7876
0.0163    0.0654    -1.4913
0.0877    0.2863    -0.6698
0.1017    -0.1239    -0.9209
-0.0240    -0.3806    -1.3150
0.2435    -0.6401    -0.8037
0.1776    -0.4187    -1.5647
0.1176    -0.2045    -0.7011
0.3957    -0.4339    -2.3274
0.0760    -0.8016    -1.5973
0.3468    -0.6234    -2.2618
0.4430    -0.6521    -1.5036
0.4705    -1.1969    -2.4849
0.6094    -1.3183    -2.3168
0.5898    -1.2339    -1.7259
0.6121    -1.6702    -2.3853
0.4908    -1.1278    -2.6775
0.9168    -2.2039    -2.7214
0.7253    -2.2599    -1.8211
0.5239    -1.3411    -2.4800
0.9634    -2.6644    -1.9897
0.6860    -2.3887    -2.4851
0.9701    -2.6450    -1.8025
0.9388    -2.4632    -1.6705
1.0963    -2.8105    -2.2152
0.9678    -2.8126    -2.4206
1.2346    -3.2989    -2.2965
1.2586    -3.1678    -2.1979
1.0084    -2.8687    -1.7335
1.2721    -2.5532    -1.6830
1.1394    -3.6420    -1.7709
1.2464    -3.2205    -1.4326
1.4398    -3.3934    -2.1947
1.2981    -3.5416    -1.7143
1.3323    -3.1764    -1.3283
1.6961    -4.3412    -1.7618
1.7454    -3.6482    -0.7850
1.6190    -4.5369    -0.8415
1.6213    -4.2758    -1.0858
1.4720    -4.0623    0.3013
1.7682    -4.2384    0.1116
1.8986    -3.8741    0.3957
1.8239    -4.6853    0.5055
2.1585    -4.4230    0.5890
1.7656    -4.2690    1.3813
1.9166    -4.8115    2.1524
1.9360    -4.6293    1.8398
2.0913    -4.1705    2.6934
2.2847    -4.9351    2.8397
1.9130    -4.8519    3.6334
2.0863    -4.8118    3.9009
2.2476    -4.3946    4.0205