0.239737     0.000000     0
0.191295     0.004526     0
0.256347     0.012138     0
0.328243     0.023334     0
0.190052     0.018038     0
0.191966     0.022813     0
0.337368     0.048210     0
0.274456     0.045869     0
0.178475     0.034186     0
0.259106     0.056015     0
0.181814     0.043832     0
0.182876     0.048693     0
0.238336     0.069537     0
0.074591     0.023691     0
0.090538     0.031132     0
0.179252     0.066419     0
0.146378     0.058212     0
0.244873     0.104155     0
0.155485     0.070523     0
0.119609     0.057700     0
0.325299     0.166524     0
0.204430     0.110830     0
0.224200     0.128501     0
0.121017     0.073217     0
0.180662     0.115228     0
0.223406     0.150041     0
0.139311     0.098422     0
0.236935     0.175941     0
0.173018     0.134942     0
0.190766     0.156180     0
0.170033     0.146059     0
0.314173     0.283062     0
0.200643     0.189563     0
0.138466     0.137162     0
0.241186     0.250492     0
0.126257     0.137495     0
0.199903     0.228308     0
0.084827     0.101635     0
0.115344     0.145038     0
0.186995     0.246906     0
0.207846     0.288364     0
0.176680     0.257766     0
0.159318     0.244652     0
0.146953     0.237781     0
0.094895     0.161994     0
0.121636     0.219382     0
0.127154     0.242701     0
0.176234     0.356658     0
0.144695     0.311154     0
0.070829     0.162242     0
0.131049     0.320663     0
0.104072     0.272915     0
0.090591     0.255566     0
0.117406     0.357879     0
0.119304     0.394975     0
0.108445     0.392320     0
0.065224     0.259738     0
0.068945     0.304915     0
0.072303     0.359052     0
0.073187     0.413790     0
0.046189     0.302741     0
0.042313     0.329429     0
0.027107     0.259479     0
0.020577     0.255283     0
0.023789     0.418543     0
0.015402     0.464871     0
0.003343     0.353260     0
-0.006270     0.441684     0
-0.014864     0.392505     0
-0.019341     0.314060     0
-0.033819     0.396145     0
-0.053665     0.491204     0
-0.048956     0.367380     0
-0.077917     0.494980     0
-0.030173     0.166014     0
-0.090208     0.437267     0
-0.087832     0.380080     0
-0.089733     0.350312     0
-0.107118     0.380502     0
-0.067944     0.221154     0
-0.118640     0.355946     0
-0.143465     0.398725     0
-0.186069     0.481093     0
-0.137207     0.331246     0
-0.136588     0.308877     0
-0.155335     0.329942     0
-0.214878     0.429733     0
-0.204134     0.385190     0
-0.180780     0.322448     0
-0.232101     0.391953     0
-0.224946     0.360157     0
-0.273052     0.414996     0
-0.208078     0.300517     0
-0.234174     0.321673     0
-0.240050     0.313863     0
-0.195248     0.243144     0
-0.293210     0.347946     0
-0.301097     0.340616     0
-0.296788     0.320150     0
-0.292591     0.301018     0
-0.233926     0.229540     0
-0.299152     0.279965     0
-0.312140     0.278566     0
-0.292475     0.248842     0
-0.339983     0.275668     0
-0.384109     0.296667     0
-0.488489     0.359163     0
-0.386616     0.270409     0
-0.400439     0.266197     0
-0.386201     0.243760     0
-0.267327     0.160015     0
-0.404826     0.229489     0
-0.418381     0.224266     0
-0.597254     0.302184     0
-0.414629     0.197607     0
-0.457447     0.204880     0
-0.439583     0.184523     0
-0.361614     0.141829     0
-0.540833     0.197491     0
-0.518016     0.175387     0
-0.527305     0.164736     0
-0.402603     0.115399     0
-0.586522     0.153199     0
-0.373958     0.088284     0
-0.533961     0.112793     0
-0.664958     0.124111     0
-0.418893     0.067972     0
-0.456390     0.063016     0
-0.513080     0.058513     0
-0.468665     0.042245     0
-0.388346     0.025761     0
-0.520675     0.022185     0
-0.433010     0.008196     0
-0.558363     -0.002642     0
-0.449157     -0.012754     0
-0.648417     -0.033777     0
-0.463719     -0.035171     0
-0.501868     -0.050029     0
-0.593096     -0.073329     0
-0.431784     -0.063788     0
-0.547507     -0.094168     0
-0.632245     -0.124207     0
-0.403814     -0.089301     0
-0.543144     -0.133663     0
-0.547966     -0.148681     0
-0.586634     -0.174171     0
-0.430951     -0.139123     0
-0.423508     -0.147870     0
-0.560112     -0.210559     0
-0.540519     -0.217921     0
-0.534010     -0.230127     0
-0.537582     -0.246904     0
-0.459965     -0.224579     0
-0.521471     -0.270068     0
-0.521316     -0.285825     0
-0.446761     -0.258878     0
-0.618664     -0.378313     0
-0.517967     -0.333822     0
-0.401687     -0.272542     0
-0.517420     -0.369237     0
-0.406067     -0.304523     0
-0.511368     -0.402738     0
-0.526463     -0.435193     0
-0.398220     -0.345359     0
-0.497303     -0.452339     0
-0.456334     -0.435238     0
-0.470767     -0.470767     0
-0.520503     -0.545732     0
-0.393757     -0.432898     0
-0.358341     -0.413188     0
-0.343081     -0.415034     0
-0.338307     -0.429558     0
-0.364953     -0.486647     0
-0.374176     -0.524342     0
-0.360126     -0.530772     0
-0.372632     -0.578185     0
-0.326128     -0.533325     0
-0.372408     -0.642687     0
-0.292178     -0.532901     0
-0.390412     -0.753841     0
-0.300012     -0.614459     0
-0.236888     -0.515773     0
-0.218808     -0.507743     0
-0.254104     -0.630266     0
-0.220100     -0.585493     0
-0.231706     -0.663615     0
-0.210766     -0.652874     0
-0.183516     -0.618108     0
-0.153261     -0.564845     0
-0.127662     -0.518757     0
-0.134330     -0.607434     0
-0.140481     -0.715084     0
-0.115226     -0.669941     0
-0.082631     -0.559330     0
-0.083601     -0.676176     0
-0.069506     -0.697249     0
-0.045497     -0.599858     0
-0.035738     -0.686067     0
-0.019351     -0.681490     0
-0.002782     -0.588074     0
0.013447     -0.710423     0
0.031041     -0.728539     0
0.051191     -0.771695     0
0.069437     -0.770338     0
0.065872     -0.577609     0
0.084659     -0.613133     0
0.118141     -0.728065     0
0.135753     -0.727338     0
0.153439     -0.726379     0
0.232482     -0.984763     0
0.189969     -0.727295     0
0.220230     -0.768339     0
0.234731     -0.751351     0
0.245447     -0.724940     0
0.236827     -0.648554     0
0.284361     -0.725019     0
0.254933     -0.607319     0
0.287740     -0.642453     0
0.295338     -0.619693     0
0.331489     -0.655175     0
0.432421     -0.806706     0
0.287583     -0.507305     0
0.405658     -0.677709     0
0.324696     -0.514432     0
0.388631     -0.584616     0
0.475301     -0.679560     0
0.444111     -0.604025     0
0.403902     -0.522951     0
0.435938     -0.537645     0
0.522408     -0.614010     0
0.463285     -0.519122     0
0.528839     -0.565082     0
0.534170     -0.544376     0
0.508632     -0.494394     0
0.685962     -0.635905     0
0.612108     -0.541089     0
0.463910     -0.390932     0
0.612860     -0.492137     0
0.572343     -0.437742     0
0.682420     -0.496794     0
0.587769     -0.406972     0
0.644541     -0.424083     0
0.698486     -0.436258     0
0.735517     -0.435548     0
0.603544     -0.338376     0
0.674709     -0.357567     0
0.675085     -0.337560     0
0.672149     -0.316445     0
0.858622     -0.379690     0
0.769036     -0.318545     0
0.654307     -0.253061     0
0.826383     -0.297340     0
0.926871     -0.308935     0
0.852892     -0.262030     0
0.664663     -0.187115     0
0.751458     -0.192487     0
0.894643     -0.206743     0
0.746934     -0.154093     0
0.843375     -0.153286     0
0.875289     -0.137783     0
0.745759     -0.099378     0
0.819279     -0.089508     0
0.569951     -0.048657     0
0.750362     -0.046211     0
0.815355     -0.030876     0
0.738657     -0.010485     0
0.971513     0.009193     0
0.728562     0.024138     0
0.809273     0.045997     0
0.855876     0.068989     0
0.960676     0.100358     0
0.732128     0.094038     0
0.937625     0.143053     0
0.845527     0.149548     0
0.766337     0.154319     0
0.877468     0.198405     0
0.854456     0.214567     0
0.789833     0.218325     0
0.838067     0.253143     0
0.799539     0.262297     0
0.832995     0.295275     0
0.869037     0.331392     0
0.931604     0.380729     0
0.717508     0.313238     0
0.956605     0.444848     0
0.654982     0.323644     0
0.776854     0.407003     0
0.820898     0.455144     0
0.790767     0.463225     0
0.720140     0.445060     0
0.739223     0.481384     0
0.710818     0.487212     0
0.694795     0.500791     0
0.776445     0.588043     0
0.733361     0.583216     0
0.656726     0.548123     0
0.741240     0.649017     0
0.692554     0.635950     0
0.708188     0.681878     0
0.683240     0.689737     0
0.588252     0.622636     0
0.589367     0.654143     0
0.643455     0.749073     0
0.620144     0.757473     0
0.572476     0.734008     0
0.562983     0.758157     0
0.599845     0.849045     0
0.497563     0.740856     0
0.530180     0.831252     0
0.480587     0.794335     0
0.462245     0.806496     0
0.494381     0.911909     0
0.463805     0.906026     0
0.442877     0.918056     0
0.438290     0.966313     0
0.376033     0.884068     0
0.375445     0.944087     0
0.326266     0.880531     0
0.322634     0.938278     0
0.290076     0.913304     0
0.274156     0.939667     0
0.262726     0.986729     0
0.213377     0.885089     0
0.242092     1.119835     0
0.169358     0.884168     0
0.146048     0.873877     0
0.152524     1.067348     0
0.124059     1.043939     0
0.098292     1.035637     0
0.073962     1.040413     0
0.047021     0.993088     0
0.021899     0.925551     0
0.000000     1.006064     0
-0.072914     0.126290     1
-0.145915     0.239466     1
-0.104327     0.162438     1
-0.079087     0.116960     1
-0.106603     0.149884     1
-0.146732     0.196304     1
-0.104577     0.133216     1
-0.096080     0.116605     1
-0.156155     0.180631     1
-0.162072     0.178748     1
-0.126467     0.133016     1
-0.133307     0.133728     1
-0.178815     0.171088     1
-0.085304     0.077837     1
-0.091390     0.079512     1
-0.137530     0.114053     1
-0.173779     0.137308     1
-0.212424     0.159828     1
-0.293847     0.210393     1
-0.259886     0.176930     1
-0.197663     0.127833     1
-0.212294     0.130278     1
-0.149384     0.086876     1
-0.222476     0.122435     1
-0.208273     0.108281     1
-0.256857     0.125913     1
-0.178412     0.082283     1
-0.281383     0.121786     1
-0.361561     0.146434     1
-0.244330     0.092289     1
-0.287252     0.100804     1
-0.313795     0.101849     1
-0.234767     0.070105     1
-0.286943     0.078343     1
-0.274631     0.068044     1
-0.285160     0.063533     1
-0.220619     0.043703     1
-0.286827     0.049798     1
-0.327771     0.048950     1
-0.406889     0.050959     1
-0.371228     0.037598     1
-0.469644     0.036366     1
-0.239472     0.012853     1
-0.373232     0.011187     1
-0.320685     0.002023     1
-0.483545     -0.008389     1
-0.245973     -0.010092     1
-0.245561     -0.015900     1
-0.266668     -0.023613     1
-0.147233     -0.016556     1
-0.275865     -0.037647     1
-0.258842     -0.041583     1
-0.331703     -0.061369     1
-0.347501     -0.072833     1
-0.467540     -0.109598     1
-0.395464     -0.102629     1
-0.277734     -0.079134     1
-0.253523     -0.078765     1
-0.359280     -0.121012     1
-0.222327     -0.080788     1
-0.457470     -0.178593     1
-0.407213     -0.170180     1
-0.284821     -0.127026     1
-0.194011     -0.092088     1
-0.413038     -0.208161     1
-0.306500     -0.163672     1
-0.398842     -0.225267     1
-0.200876     -0.119809     1
-0.267409     -0.168192     1
-0.305688     -0.202515     1
-0.305528     -0.212977     1
-0.270275     -0.198064     1
-0.335437     -0.258231     1
-0.225929     -0.182600     1
-0.279835     -0.237328     1
-0.291644     -0.259450     1
-0.310243     -0.289429     1
-0.316309     -0.309401     1
-0.208029     -0.213346     1
-0.182257     -0.195983     1
-0.328416     -0.370342     1
-0.272293     -0.322092     1
-0.211866     -0.262987     1
-0.319047     -0.415790     1
-0.242809     -0.332431     1
-0.284802     -0.409941     1
-0.227348     -0.344350     1
-0.305103     -0.486786     1
-0.282252     -0.474935     1
-0.193486     -0.343839     1
-0.232289     -0.436651     1
-0.211269     -0.420855     1
-0.227013     -0.480223     1
-0.140798     -0.317045     1
-0.184921     -0.444455     1
-0.186019     -0.478718     1
-0.098826     -0.273308     1
-0.107725     -0.321507     1
-0.080587     -0.260841     1
-0.113634     -0.401220     1
-0.124426     -0.482585     1
-0.127755     -0.548891     1
-0.091964     -0.442250     1
-0.104343     -0.568994     1
-0.053430     -0.335972     1
-0.042333     -0.313900     1
-0.049686     -0.448232     1
-0.042325     -0.486720     1
-0.028850     -0.456715     1
-0.011717     -0.297024     1
-0.007222     -0.457874     1
0.002863     -0.363101     1
0.016508     -0.523193     1
0.027675     -0.500853     1
0.031471     -0.398267     1
0.044617     -0.433710     1
0.049677     -0.391643     1
0.071186     -0.471571     1
0.096792     -0.552332     1
0.079891     -0.399989     1
0.115959     -0.516627     1
0.108704     -0.435793     1
0.114055     -0.415164     1
0.140319     -0.467207     1
0.129043     -0.395454     1
0.151977     -0.430897     1
0.144695     -0.381250     1
0.249926     -0.614308     1
0.203813     -0.468873     1
0.191150     -0.412752     1
0.234202     -0.475860     1
0.234430     -0.449181     1
0.241952     -0.438012     1
0.287138     -0.491948     1
0.305972     -0.496835     1
0.262857     -0.405044     1
0.271679     -0.397709     1
0.296455     -0.412670     1
0.209892     -0.278049     1
0.257004     -0.324217     1
0.413603     -0.497144     1
0.441461     -0.505798     1
0.352622     -0.385225     1
0.409039     -0.426165     1
0.405659     -0.403108     1
0.577532     -0.547365     1
0.475820     -0.430064     1
0.412084     -0.355112     1
0.371067     -0.304771     1
0.339060     -0.265304     1
0.463284     -0.345155     1
0.410642     -0.291088     1
0.375233     -0.252868     1
0.435405     -0.278673     1
0.414190     -0.251486     1
0.614107     -0.353265     1
0.567806     -0.308989     1
0.513800     -0.264043     1
0.629199     -0.304754     1
0.536312     -0.244275     1
0.475101     -0.202967     1
0.659146     -0.263334     1
0.593660     -0.221036     1
0.481825     -0.166529     1
0.552466     -0.176430     1
0.506193     -0.148553     1
0.472701     -0.126660     1
0.657411     -0.159586     1
0.740213     -0.161246     1
0.486352     -0.093954     1
0.645549     -0.108935     1
0.554240     -0.080093     1
0.571359     -0.068813     1
0.566843     -0.054701     1
0.548711     -0.039877     1
0.624821     -0.030572     1
0.557443     -0.014069     1
0.648142     -0.001022     1
0.624744     0.013796     1
0.611569     0.027990     1
0.559779     0.038907     1
0.587451     0.054820     1
0.694231     0.081391     1
0.674339     0.095278     1
0.557584     0.092283     1
0.642251     0.121970     1
0.692546     0.148576     1
0.502840     0.120386     1
0.673314     0.178140     1
0.578566     0.167812     1
0.670809     0.211893     1
0.566925     0.193942     1
0.486255     0.179302     1
0.497310     0.196863     1
0.618171     0.261784     1
0.629431     0.284295     1
0.540765     0.259819     1
0.646576     0.329704     1
0.478813     0.258607     1
0.585490     0.334349     1
0.501039     0.302059     1
0.533541     0.339115     1
0.573859     0.384095     1
0.507202     0.357137     1
0.531149     0.393116     1
0.611449     0.475340     1
0.503774     0.411115     1
0.581577     0.497984     1
0.454449     0.408151     1
0.543068     0.511460     1
0.584434     0.577107     1
0.354802     0.367331     1
0.438421     0.475935     1
0.501170     0.570566     1
0.449014     0.536258     1
0.466355     0.584520     1
0.406659     0.535193     1
0.427672     0.591381     1
0.403946     0.587349     1
0.449174     0.687388     1
0.395547     0.637773     1
0.384944     0.654764     1
0.341364     0.613401     1
0.325060     0.618074     1
0.313377     0.631694     1
0.327359     0.701061     1
0.285457     0.651070     1
0.292485     0.712470     1
0.327521     0.854834     1
0.275686     0.773857     1
0.228062     0.691497     1
0.247854     0.815908     1
0.194634     0.699829     1
0.146657     0.580146     1
0.151728     0.666147     1
0.122676     0.604275     1
0.130129     0.729031     1
0.117725     0.763535     1
0.117047     0.900030     1
0.084593     0.797584     1
0.062322     0.758228     1
0.049401     0.845634     1
0.021030     0.605877     1
0.008880     0.804342     1
-0.010719     0.849553     1
-0.024373     0.671632     1
-0.052963     0.882684     1
-0.068650     0.819390     1
-0.081816     0.759976     1
-0.111029     0.843345     1
-0.151489     0.972335     1
-0.145250     0.806391     1
-0.165832     0.810291     1
-0.172833     0.753318     1
-0.183494     0.721080     1
-0.237369     0.848301     1
-0.218655     0.715726     1
-0.259637     0.783082     1
-0.264090     0.737623     1
-0.309824     0.804841     1
-0.325262     0.788767     1
-0.367492     0.834593     1
-0.335596     0.715754     1
-0.362072     0.726969     1
-0.353815     0.670181     1
-0.391594     0.701056     1
-0.442693     0.750281     1
-0.477640     0.767433     1
-0.423322     0.645599     1
-0.521256     0.755366     1
-0.563228     0.776246     1
-0.537195     0.704678     1
-0.628376     0.785051     1
-0.511933     0.609447     1
-0.502895     0.570713     1
-0.488893     0.529049     1
-0.685251     0.707214     1
-0.655519     0.645261     1
-0.630948     0.592350     1
-0.666579     0.596772     1
-0.596821     0.509407     1
-0.832205     0.676954     1
-0.703399     0.545044     1
-0.716758     0.528742     1
-0.771399     0.541349     1
-0.769704     0.513422     1
-0.766291     0.485354     1
-0.710061     0.426546     1
-0.809793     0.460747     1
-0.921960     0.496074     1
-0.897310     0.455777     1
-0.927894     0.444020     1
-0.786798     0.353879     1
-0.761904     0.321237     1
-0.835825     0.329342     1
-0.859276     0.315311     1
-0.947423     0.322440     1
-0.744399     0.233848     1
-0.999708     0.288255     1
-0.878009     0.230815     1
-0.864641     0.205564     1
-0.825827     0.175807     1
-0.781590     0.147155     1
-0.982862     0.161077     1
-0.929373     0.129818     1
-0.826237     0.095546     1
-0.830258     0.076158     1
-0.910798     0.061861     1
-1.074642     0.047486     1
-0.923617     0.018939     1
-0.826732     -0.002608     1
-0.929404     -0.024924     1
-0.928805     -0.046914     1
-0.736438     -0.054688     1
-0.947734     -0.092966     1
-0.933635     -0.113938     1
-1.006455     -0.147064     1
-1.095980     -0.186723     1
-1.036897     -0.202005     1
-0.925141     -0.203059     1
-0.857325     -0.209547     1
-1.138694     -0.307038     1
-0.940521     -0.277627     1
-0.932536     -0.299426     1
-0.924592     -0.321193     1
-0.935643     -0.350047     1
-0.903912     -0.362774     1
-0.865731     -0.371462     1
-0.860844     -0.393731     1
-0.890443     -0.433024     1
-0.845786     -0.436340     1
-0.825447     -0.450882     1
-0.873399     -0.504257     1
-0.089801     -0.155540     2
-0.154708     -0.283230     2
0.003328     0.006450     2
-0.128816     -0.264888     2
-0.128660     -0.281299     2
-0.018208     -0.042436     2
-0.069666     -0.173585     2
-0.065579     -0.175286     2
-0.035006     -0.100769     2
-0.048750     -0.151827     2
-0.038290     -0.129717     2
-0.095464     -0.354043     2
-0.072124     -0.295083     2
-0.071401     -0.325306     2
-0.055735     -0.286090     2
-0.024491     -0.143749     2
-0.028424     -0.194527     2
-0.033933     -0.278051     2
-0.014214     -0.144908     2
-0.022426     -0.301991     2
-0.011550     -0.228675     2
-0.005914     -0.220537     2
-0.000977     -0.309887     2
0.005965     -0.290902     2
0.010107     -0.228731     2
0.023920     -0.352176     2
0.016092     -0.175429     2
0.036109     -0.312254     2
0.043566     -0.311890     2
0.039642     -0.241889     2
0.055208     -0.293228     2
0.036357     -0.170783     2
0.081193     -0.341512     2
0.067306     -0.256027     2
0.066523     -0.230711     2
0.110368     -0.351330     2
0.074232     -0.218114     2
0.060795     -0.165677     2
0.061235     -0.155407     2
0.133046     -0.315556     2
0.079557     -0.176883     2
0.189571     -0.396157     2
0.060979     -0.120051     2
0.208168     -0.386882     2
0.159685     -0.280657     2
0.154843     -0.257764     2
0.143000     -0.225773     2
0.191548     -0.287161     2
0.179599     -0.255921     2
0.241217     -0.326992     2
0.201895     -0.260553     2
0.211343     -0.259812     2
0.192303     -0.225302     2
0.215550     -0.240764     2
0.242807     -0.258628     2
0.137297     -0.139480     2
0.163086     -0.158021     2
0.291429     -0.269309     2
0.265169     -0.233659     2
0.250731     -0.210613     2
0.270166     -0.216248     2
0.298063     -0.227221     2
0.247848     -0.179833     2
0.238309     -0.164450     2
0.309319     -0.202821     2
0.236323     -0.147084     2
0.337351     -0.199049     2
0.196642     -0.109840     2
0.394575     -0.208312     2
0.361694     -0.180144     2
0.352349     -0.165206     2
0.411568     -0.181223     2
0.468465     -0.193179     2
0.426541     -0.164197     2
0.217522     -0.077879     2
0.264213     -0.087602     2
0.318611     -0.097336     2
0.373291     -0.104453     2
0.416103     -0.105886     2
0.323887     -0.074309     2
0.399433     -0.081747     2
0.329448     -0.059341     2
0.344513     -0.053675     2
0.285008     -0.037522     2
0.326663     -0.035167     2
0.295649     -0.024770     2
0.328568     -0.019715     2
0.493605     -0.017913     2
0.336070     -0.004240     2
0.625010     0.006900     2
0.456058     0.015830     2
0.433325     0.025315     2
0.351832     0.028918     2
0.477443     0.050638     2
0.377278     0.049064     2
0.433553     0.066847     2
0.626234     0.111780     2
0.417533     0.084765     2
0.514899     0.117278     2
0.370641     0.093695     2
0.422143     0.117405     2
0.559779     0.170048     2
0.375719     0.123915     2
0.558788     0.199068     2
0.473648     0.181474     2
0.377447     0.154951     2
0.463428     0.203187     2
0.485332     0.226625     2
0.456857     0.226642     2
0.298294     0.156880     2
0.355541     0.197862     2
0.385915     0.226884     2
0.394255     0.244518     2
0.436929     0.285512     2
0.402840     0.277052     2
0.300043     0.216984     2
0.406022     0.308511     2
0.414902     0.331026     2
0.405687     0.339686     2
0.430664     0.378283     2
0.408842     0.376617     2
0.379989     0.367028     2
0.343139     0.347496     2
0.249223     0.264625     2
0.356257     0.396668     2
0.336794     0.393329     2
0.332151     0.407012     2
0.247886     0.318865     2
0.251021     0.339160     2
0.342613     0.486575     2
0.283724     0.423900     2
0.305853     0.481209     2
0.268650     0.445622     2
0.259286     0.454044     2
0.284158     0.526121     2
0.219875     0.431194     2
0.231867     0.482588     2
0.202990     0.449422     2
0.194109     0.458364     2
0.187789     0.474389     2
0.192054     0.520839     2
0.162312     0.474464     2
0.193564     0.612785     2
0.131765     0.454286     2
0.136080     0.514341     2
0.119727     0.500087     2
0.140030     0.652714     2
0.106337     0.559933     2
0.104367     0.630596     2
0.061584     0.435862     2
0.067863     0.578845     2
0.059003     0.632279     2
0.039720     0.571469     2
0.029897     0.653229     2
0.011695     0.529572     2
-0.001082     0.686241     2
-0.019171     0.759574     2
-0.026844     0.548630     2
-0.039509     0.543649     2
-0.067181     0.696169     2
-0.085125     0.706800     2
-0.078109     0.540508     2
-0.092640     0.548985     2
-0.108157     0.559877     2
-0.103789     0.476451     2
-0.123634     0.509307     2
-0.134500     0.501961     2
-0.152339     0.519094     2
-0.183150     0.573510     2
-0.204479     0.591626     2
-0.256000     0.687567     2
-0.197437     0.494200     2
-0.272331     0.637469     2
-0.248597     0.545800     2
-0.268226     0.553781     2
-0.308836     0.600961     2
-0.255380     0.469292     2
-0.327652     0.569582     2
-0.333317     0.548964     2
-0.361567     0.564922     2
-0.367087     0.544723     2
-0.481478     0.679227     2
-0.351017     0.471152     2
-0.368811     0.471341     2
-0.376707     0.458650     2
-0.392558     0.455537     2
-0.400445     0.443050     2
-0.512981     0.541253     2
-0.540392     0.543812     2
-0.439916     0.422237     2
-0.436120     0.399209     2
-0.525837     0.458951     2
-0.475445     0.395551     2
-0.560857     0.444588     2
-0.545684     0.411922     2
-0.445566     0.320086     2
-0.657356     0.449046     2
-0.686483     0.445499     2
-0.534805     0.329355     2
-0.560079     0.326905     2
-0.616932     0.340785     2
-0.630402     0.329010     2
-0.663433     0.326519     2
-0.771279     0.357188     2
-0.621255     0.270051     2
-0.583657     0.237456     2
-0.547906     0.207946     2
-0.603862     0.212982     2
-0.664092     0.216703     2
-0.811375     0.243685     2
-0.640871     0.176061     2
-0.704743     0.175791     2
-0.692305     0.155391     2
-0.792668     0.158321     2
-0.904041     0.158427     2
-0.668034     0.100844     2
-0.675911     0.085734     2
-0.802191     0.082523     2
-0.777429     0.061432     2
-0.874114     0.048299     2
-0.776448     0.024499     2
-0.703765     0.005550     2
-0.782095     -0.012335     2
-0.825404     -0.032561     2
-0.803796     -0.050774     2
-0.779808     -0.067811     2
-0.824860     -0.091434     2
-0.832991     -0.112339     2
-0.849298     -0.135065     2
-0.790522     -0.144968     2
-0.725331     -0.150829     2
-0.748360     -0.174182     2
-0.828463     -0.213605     2
-0.669747     -0.189687     2
-0.757998     -0.234185     2
-0.696728     -0.233448     2
-0.725032     -0.262165     2
-0.814062     -0.316325     2
-0.728262     -0.303003     2
-0.712517     -0.316425     2
-0.605300     -0.286139     2
-0.751096     -0.377050     2
-0.736977     -0.392056     2
-0.835415     -0.470107     2
-0.656195     -0.389975     2
-0.684547     -0.429054     2
-0.678236     -0.447787     2
-0.756687     -0.525699     2
-0.637923     -0.465942     2
-0.652392     -0.500598     2
-0.662733     -0.533907     2
-0.626020     -0.529231     2
-0.577238     -0.511889     2
-0.604257     -0.561936     2
-0.642899     -0.626877     2
-0.512092     -0.523525     2
-0.564484     -0.605080     2
-0.507317     -0.570269     2
-0.593309     -0.699576     2
-0.441418     -0.546162     2
-0.476903     -0.619486     2
-0.507808     -0.692944     2
-0.547016     -0.784726     2
-0.457556     -0.690661     2
-0.421527     -0.670186     2
-0.506631     -0.849434     2
-0.356603     -0.631377     2
-0.314411     -0.588779     2
-0.396488     -0.786721     2
-0.346484     -0.729972     2
-0.313184     -0.702231     2
-0.350769     -0.839333     2
-0.318178     -0.815020     2
-0.277560     -0.763839     2
-0.241894     -0.718174     2
-0.276650     -0.890462     2
-0.251297     -0.881974     2
-0.215910     -0.831976     2
-0.232247     -0.990753     2
-0.161375     -0.769953     2
-0.136927     -0.740097     2
-0.130343     -0.811353     2
-0.118431     -0.867827     2
-0.100722     -0.895750     2
-0.076299     -0.861667     2
-0.059118     -0.912999     2
-0.032345     -0.788370     2
-0.017470     -1.006916     2
0.005598     -0.887386     2
0.029534     -0.985327     2
0.049641     -0.924882     2
0.072395     -0.934946     2
0.095644     -0.944365     2
0.117042     -0.934540     2
0.141775     -0.949323     2
0.173997     -1.002183     2
0.180515     -0.911267     2
0.211460     -0.949112     2
0.219064     -0.884159     2
0.272787     -0.999122     2
0.248586     -0.832457     2
0.330135     -1.017142     2
0.306129     -0.872343     2
0.288218     -0.763039     2
0.353906     -0.873832     2
0.349722     -0.808020     2
0.420730     -0.912255     2
0.390669     -0.796945     2
0.418140     -0.804272     2
0.382538     -0.695106     2
0.457887     -0.787339     2
0.395147     -0.643910     2
0.448069     -0.692832     2
0.571231     -0.839060     2
0.593504     -0.828924     2
0.597062     -0.793543     2
0.548099     -0.693684     2
0.612838     -0.738988     2
0.634044     -0.728765     2
0.590461     -0.647102     2
0.754480     -0.788555     2
0.739158     -0.736830     2
0.694448     -0.660257     2
0.726346     -0.658583     2
0.754528     -0.652289     2
0.632683     -0.521320     2
0.759658     -0.596345     2
0.747620     -0.558826     2
0.741756     -0.527561     2
0.803773     -0.543505     2
0.958361     -0.615513     2
0.895678     -0.545768     2
0.826453     -0.477153     2
