0.314882	-0.290018	2
-0.149915	0.299061	0
-0.792782	-0.355210	1
-0.165966	0.730709	1
-0.114639	-0.228573	0
0.089517	-0.095291	0
0.131603	0.167814	0
-0.343055	0.247115	2
0.481226	0.296677	2
-0.317242	0.251887	2
0.687053	-0.288860	1
-0.571710	0.685825	1
0.147507	0.037871	0
-0.754334	0.253468	1
-0.244392	-0.123497	0
-0.428102	-0.353394	2
0.162082	-0.119697	0
-0.304276	-0.586212	1
-0.071325	-0.261776	0
-0.236729	-0.221053	0
-0.540513	0.110906	2
0.108152	0.024304	0
-0.618724	0.586273	1
-0.393346	-0.384078	2
0.341602	-0.242231	2
0.354774	-0.323801	2
0.128342	0.758630	1
0.439074	-0.389680	2
0.332081	0.222994	2
-0.057554	-0.716817	1
-0.691710	0.365921	1
0.053598	-0.299111	0
-0.306378	0.027050	0
0.323673	0.566148	1
0.027437	0.290714	0
-0.138448	-0.312035	0
0.466362	0.393721	2
0.438511	-0.155086	2
0.306665	-0.088413	0
-0.388784	0.284249	2
-0.033597	0.273320	0
0.021357	0.782226	1
0.156858	-0.020331	0
-0.669333	-0.045725	1
0.102974	0.748780	1
0.369630	0.184618	2
0.581411	0.361289	1
-0.129762	-0.214709	0
0.532056	-0.043219	2
-0.156787	0.020245	0
0.135548	-0.162891	0
-0.467460	-0.662021	1
0.606032	-0.594891	1
-0.838899	0.319651	1
-0.659388	-0.235993	1
0.698827	-0.415065	1
-0.368203	0.223119	2
-0.517937	-0.271372	2
0.662525	-0.157345	1
-0.778892	-0.042950	1
0.584750	-0.059370	2
0.320940	0.069071	0
-0.136461	-0.030782	0
-0.168357	-0.305227	0
0.541092	0.118527	2
-0.107279	-0.236092	0
0.456198	0.101536	2
-0.462763	-0.377200	2
-0.280008	-0.778270	1
-0.255099	-0.138251	0
-0.409005	-0.001382	2
-0.591776	-0.139447	2
0.223306	-0.114680	0
-0.401344	-0.177551	2
-0.048627	-0.179021	0
0.405235	-0.298706	2
0.444902	0.101299	2
0.258098	-0.048769	0
-0.285055	0.102923	0
0.562591	0.105619	2
-0.125615	-0.122784	0
0.467145	0.203972	2
0.371745	0.229513	2
-0.411006	-0.072975	2
-0.226497	-0.750011	1
-0.223461	0.158162	0
-0.565792	-0.364844	1
0.625038	0.404435	1
0.419515	0.170076	2
-0.138191	0.205160	0
-0.355223	-0.125956	2
0.731948	0.465133	1
0.174269	0.150455	0
0.560870	-0.687271	1
-0.171777	-0.173007	0
0.048438	0.205983	0
-0.090330	0.126690	0
0.430741	0.181888	2
0.277497	0.008725	0
0.174267	-0.296194	0
-0.653079	0.179669	1
0.758804	-0.273827	1
-0.175727	0.163795	0
0.438081	0.140238	2
0.409329	-0.210437	2
-0.263317	-0.054113	0
-0.093785	0.794316	1
-0.227842	0.167983	0
-0.050363	0.164114	0
-0.201744	0.216778	0
-0.034683	-0.822022	1
0.049248	-0.269173	0
-0.417261	0.498706	1
-0.199368	-0.082456	0
-0.111279	-0.662459	1
-0.013881	0.306003	0
0.494930	0.210565	2
0.661220	0.246336	1
0.657231	0.275571	1
0.177093	-0.871007	1
0.298450	0.030250	0
-0.419442	0.004567	2
-0.526372	0.519481	1
0.112272	0.027351	0
0.401329	-0.035187	2
-0.570143	0.219817	2
-0.133121	-0.060013	0
-0.405925	0.145587	2
-0.557095	-0.202643	2
0.558108	-0.043061	2
-0.188155	-0.064278	0
-0.157306	-0.110595	0
-0.641283	-0.206691	1
-0.151967	-0.169715	0
0.502478	-0.673081	1
-0.323597	0.039515	0
0.516275	0.448178	1
-0.126836	-0.071661	0
-0.158686	-0.856107	1
0.060901	0.758201	1
0.026622	0.097801	0
0.112814	0.050103	0
-0.420495	-0.616034	1
-0.598708	-0.280539	1
0.039215	0.700744	1
0.011907	-0.263075	0
-0.509250	0.305643	2
0.426791	-0.176570	2
-0.070768	0.247805	0
-0.384987	-0.146556	2
-0.229240	0.004804	0
-0.231711	0.162726	0
0.380489	-0.222514	2
-0.088760	0.152507	0
0.508496	-0.388046	2
-0.121405	0.836430	1
0.287603	0.143153	0
-0.009284	-0.820523	1
-0.322914	0.133968	0
0.334121	0.093021	0
-0.421289	0.196049	2
0.630661	-0.479656	1
-0.117228	0.013314	0
-0.531846	-0.155973	2
-0.711423	0.361119	1
-0.637776	-0.308069	1
-0.453422	0.381045	2
-0.650667	0.066909	1
-0.049135	-0.192035	0
-0.439683	0.403364	2
0.350034	0.685935	1
0.456473	0.201870	2
-0.803552	-0.376875	1
0.425237	0.023477	2
0.388274	0.703044	1
0.402851	-0.149990	2
0.235362	0.025441	0
0.596008	0.376069	1
0.771874	-0.345832	1
-0.457071	-0.265296	2
0.422853	-0.162075	2
-0.564021	-0.106260	2
-0.713077	0.032699	1
0.475016	-0.053732	2
-0.313872	0.036287	0
-0.401857	-0.227971	2
0.111708	-0.086161	0
-0.375843	0.294775	2
0.118635	-0.003573	0
0.115914	-0.122837	0
0.244771	-0.211369	0
0.013401	-0.165499	0
0.139613	-0.125694	0
0.418882	-0.401599	2
0.003983	0.212647	0
-0.152826	0.228921	0
0.458384	-0.476461	1
0.686087	-0.285052	1
0.083470	-0.157634	0
0.492367	0.047154	2
-0.017914	0.178900	0
0.042923	-0.291973	0
0.658721	0.473171	1
0.213789	-0.715859	1
0.488494	-0.158757	2
-0.646072	0.209984	1
-0.105382	0.059969	0
0.145586	-0.185096	0
0.147849	-0.065096	0
-0.213429	0.211290	0
-0.422735	-0.326095	2
0.068023	-0.798458	1
-0.475623	-0.088174	2
-0.103730	0.134958	0
0.523277	-0.559824	1
-0.307957	0.616005	1
0.299381	0.085413	0
0.611732	-0.596738	1
0.744263	-0.262224	1
0.174213	0.865704	1
0.386844	-0.584552	1
-0.714956	-0.370528	1
0.059150	0.173691	0
0.703667	0.377741	1
-0.078713	0.180736	0
0.099489	0.036394	0
-0.157486	-0.714331	1
-0.397111	0.191111	2
0.077394	-0.153760	0
0.726047	-0.337930	1
-0.123474	-0.279921	0
-0.249052	0.735154	1
-0.461710	-0.305092	2
0.222942	0.161587	0
0.716951	0.212095	1
0.572720	0.148612	2
-0.143840	-0.240118	0
0.087911	0.856469	1
-0.433339	-0.307944	2
-0.818495	-0.215366	1
0.527305	0.115658	2
-0.130836	0.857223	1
0.667564	0.232364	1
0.422669	-0.168910	2
0.406095	0.027423	2
-0.369127	-0.220185	2
0.102018	0.160196	0
-0.167425	0.128410	0
0.458367	-0.030408	2
0.845673	-0.162967	1
-0.320246	-0.039065	0
0.728289	-0.176123	1
-0.522962	0.009726	2
0.636263	0.293267	1
0.430241	-0.113265	2
0.444520	-0.150029	2
-0.199948	0.624937	1
0.370367	0.150972	2
0.562207	-0.194709	2
0.390774	0.213781	2
0.004953	0.127560	0
0.218989	0.014302	0
-0.823277	0.030270	1
-0.654732	-0.102470	1
0.338132	-0.314340	2
0.388554	-0.707777	1
-0.391678	-0.384662	2
-0.719326	0.346443	1
0.116750	0.005173	0
0.076815	-0.099514	0
-0.416827	0.275642	2
-0.024100	0.241486	0
0.116562	0.072843	0
0.082625	-0.260550	0
0.690864	-0.249117	1
0.780969	0.257367	1
0.505678	-0.502734	1
-0.039465	0.317432	0
-0.450894	0.129134	2
0.090262	0.067609	0
-0.468963	0.300653	2
0.593314	-0.020469	2
-0.681271	-0.269624	1
-0.545915	0.188521	2
0.425288	-0.229930	2
-0.879038	0.193049	1
-0.547430	-0.702168	1
0.836742	-0.085058	1
0.389856	0.370918	2
0.555272	-0.599199	1
-0.814139	-0.357784	1
0.563703	0.418188	1
-0.055265	-0.083698	0
-0.608191	0.620140	1
0.033890	0.226579	0
-0.656150	-0.344537	1
-0.457929	-0.197184	2
0.832033	-0.148082	1
0.048333	0.204971	0
0.566896	-0.214962	2
-0.096474	0.122572	0
0.846415	0.049849	1
-0.289129	0.605446	1
-0.043299	0.284740	0
0.660866	-0.269902	1
-0.211444	-0.782452	1
-0.195276	-0.066044	0
-0.579493	0.104803	2
-0.380634	0.299168	2
-0.710169	-0.099953	1
0.365081	0.611883	1
0.307671	-0.070582	0
-0.165020	0.669816	1
-0.394914	-0.247255	2
-0.388478	0.229981	2
0.234576	-0.713126	1
-0.039127	-0.185058	0
-0.418145	-0.530383	1
-0.350818	0.585770	1
0.426789	0.580285	1
-0.221786	-0.178395	0
-0.267166	0.047335	0
-0.552283	0.431719	1
-0.107657	0.063939	0
-0.557762	0.042080	2
0.029666	-0.228469	0
0.509587	-0.104537	2
-0.371474	-0.218590	2
0.629099	-0.577815	1
0.466073	-0.382260	2
0.203221	-0.124942	0
-0.147092	0.121163	0
0.774638	-0.057674	1
-0.151252	-0.668645	1
0.038880	-0.295743	0
-0.350318	-0.728500	1
-0.473317	-0.591641	1
-0.196073	0.747153	1
0.381056	0.337972	2
-0.401521	0.221140	2
-0.175137	0.084568	0
-0.342897	0.658275	1
-0.750166	0.383148	1
-0.493106	-0.054168	2
0.086124	-0.071789	0
-0.816025	-0.181731	1
-0.045938	0.754880	1
0.090285	0.205236	0
0.746967	-0.141673	1
0.380678	0.310542	2
0.612494	-0.470837	1
-0.177891	0.002533	0
0.671864	0.034612	1
-0.721667	0.388680	1
0.092972	-0.061328	0
0.358917	-0.289743	2
0.501187	-0.104292	2
0.458477	0.098586	2
0.218556	-0.214850	0
-0.154773	0.068018	0
0.401322	0.004584	2
-0.190412	-0.187974	0
0.295129	-0.003954	0
0.003428	0.791942	1
0.482882	-0.417417	2
0.221797	0.241186	0
-0.241255	0.073358	0
-0.787043	-0.206547	1
0.536665	-0.656801	1
-0.201285	0.832439	1
0.399918	-0.028823	2
-0.431166	-0.582078	1
0.019246	-0.211038	0
-0.747110	-0.245351	1
-0.034353	0.675996	1
-0.093526	-0.169370	0
0.095778	-0.853668	1
-0.177059	0.742268	1
-0.605773	-0.090190	2
0.098935	0.221682	0
-0.406263	-0.154311	2
-0.422381	-0.133558	2
0.104541	-0.300433	0
0.163068	-0.089279	0
0.593041	0.128261	2
-0.423918	-0.172792	2
-0.165452	-0.203837	0
-0.519309	-0.305100	2
-0.465135	0.248998	2
0.532478	0.198843	2
0.528146	0.320037	2
0.475242	0.116254	2
-0.489578	-0.024006	2
0.063303	-0.165446	0
0.493028	0.374827	2
-0.152890	0.239480	0
-0.553520	0.072868	2
-0.056075	0.175450	0
-0.555601	0.225788	2
0.388937	0.282459	2
-0.360624	-0.786709	1
-0.195720	0.732256	1
-0.431525	0.286809	2
-0.123198	-0.022059	0
0.144596	0.098139	0
0.493996	0.614057	1
-0.254201	0.681911	1
-0.439947	0.344203	2
-0.596306	0.098884	2
-0.126684	0.039273	0
-0.148163	0.212334	0
0.628775	-0.517752	1
0.253321	0.114872	0
0.625830	0.406830	1
0.666689	0.019224	1
-0.567170	0.055144	2
0.185881	0.271446	0
0.243232	-0.021309	0
0.668799	0.410928	1
0.608046	0.338234	1
0.485164	-0.324993	2
-0.461494	-0.375109	2
-0.320703	0.042310	0
0.881622	0.141568	1
-0.583603	-0.385950	1
-0.640533	0.340103	1
-0.305883	0.323142	2
-0.106077	0.014902	0
0.410898	-0.229173	2
0.505430	0.541900	1
0.634894	-0.429480	1
0.509638	-0.324987	2
0.574486	-0.542189	1
0.230049	-0.141665	0
0.522088	0.721401	1
-0.533530	0.459845	1
0.559696	-0.017823	2
-0.492190	-0.314940	2
0.333338	0.680172	1
0.281475	0.187798	0
-0.312985	0.284680	2
-0.349964	-0.597639	1
-0.424740	-0.267360	2
0.416127	0.500409	1
-0.703794	0.102873	1
-0.100495	0.330732	0
-0.753089	0.412862	1
-0.264865	-0.101435	0
-0.529261	0.265896	2
-0.145286	0.073398	0
-0.360409	-0.322623	2
-0.604983	-0.250521	1
-0.796475	-0.347283	1
0.230278	0.237589	0
0.333586	-0.829283	1
0.271706	-0.196926	0
0.134499	0.000882	0
0.053698	0.736805	1
-0.437077	0.423624	2
-0.602824	0.106316	2
-0.128104	-0.068933	0
-0.519871	-0.610646	1
-0.392041	0.100466	2
-0.103251	0.077988	0
0.460896	-0.498520	1
0.301320	-0.271814	2
0.437742	0.351965	2
-0.699698	-0.549244	1
0.736938	-0.159952	1
0.303742	-0.031901	0
-0.177684	-0.118555	0
0.450843	0.115236	2
-0.004504	0.163821	0
-0.478368	-0.686248	1
-0.133688	0.062284	0
-0.854682	-0.006731	1
-0.411154	0.073881	2
0.687794	0.065884	1
-0.788362	-0.372910	1
-0.815997	-0.009133	1
0.152033	0.097400	0
-0.470086	0.754773	1
-0.276029	-0.617212	1
-0.093462	-0.096504	0
-0.370850	-0.133498	2
0.599591	-0.064602	2
0.289649	-0.013453	0
-0.453926	0.353409	2
0.251118	0.023854	0
-0.429239	0.089554	2
-0.389852	0.078297	2
0.317727	0.283063	2
0.102266	0.011448	0
-0.207699	0.253202	0
0.442533	-0.013214	2
-0.308474	0.000238	0
0.732520	-0.018475	1
0.530470	-0.449628	1
0.527012	-0.545963	1
-0.371417	0.757986	1
0.162662	-0.664448	1
-0.001040	0.226033	0
0.100969	-0.201105	0
0.376015	0.022103	2
0.032603	0.765296	1
0.164463	-0.634609	1
-0.129664	-0.073024	0
-0.196867	-0.131992	0
0.319527	-0.172945	2
-0.698849	-0.210330	1
-0.583236	0.469184	1
-0.222956	-0.859123	1
0.460314	-0.365039	2
-0.523705	-0.083001	2
0.040324	0.099878	0
0.141690	-0.858942	1
0.711126	0.294449	1
-0.680647	0.226812	1
-0.412091	-0.169448	2
0.606338	0.271315	1
0.481920	0.285083	2
0.383573	-0.344898	2
-0.616796	-0.239845	1
-0.117809	-0.114718	0
0.323033	-0.093692	0
0.403984	-0.076296	2
-0.076206	0.216443	0
-0.140650	-0.000866	0
0.571056	-0.245622	2
-0.615014	0.030103	2
0.399022	-0.202087	2
0.263339	0.104706	0
-0.339866	0.036877	0
0.121328	0.082539	0
0.571127	0.097315	2
0.262390	-0.102710	0
0.124217	0.110936	0
-0.723379	0.455673	1
0.228886	0.106186	0
-0.107531	-0.658102	1
-0.557667	0.565236	1
0.473418	0.321275	2
0.022554	0.780576	1
0.430719	-0.155098	2
0.254556	-0.129945	0
-0.123916	-0.097168	0
0.428961	0.322821	2
0.128935	-0.240395	0
-0.096967	0.035778	0
-0.724312	0.487663	1
-0.689392	0.201914	1
-0.412504	0.107180	2
0.622591	0.279903	1
-0.109480	-0.166441	0
-0.239465	-0.095437	0
0.437395	-0.297956	2
0.406741	0.613351	1
0.240881	-0.173532	0
-0.373960	-0.259397	2
0.693694	-0.168819	1
-0.094607	-0.246625	0
0.123639	0.126297	0
-0.334494	0.653173	1
-0.403166	-0.096725	2
-0.477569	-0.212442	2
0.524703	-0.552434	1
0.146798	0.039143	0
0.040091	-0.113132	0
-0.615351	-0.013183	2
-0.462163	0.174307	2
-0.049892	0.135354	0
-0.664739	0.169512	1
0.198003	0.633467	1
0.319451	0.023751	0
0.562983	-0.145571	2
-0.187748	0.022787	0
0.100985	0.316395	0
0.540795	-0.456105	1
-0.107345	0.262613	0
-0.790287	0.312943	1
-0.754455	-0.024211	1
-0.422231	0.631044	1
-0.548536	0.104977	2
-0.566878	-0.214357	2
-0.451924	0.376263	2
0.559896	0.077564	2
0.394762	0.261230	2
-0.472098	-0.691125	1
-0.077170	-0.209064	0
0.017408	0.149034	0
0.463912	0.513164	1
0.867394	0.024922	1
-0.859304	-0.230141	1
-0.045861	0.149834	0
0.105989	0.064911	0
0.514400	0.200463	2
0.018632	0.155804	0
0.540871	0.536074	1
0.223882	0.662875	1
-0.058578	-0.181265	0
0.152151	0.034177	0
-0.384378	-0.124258	2
0.231951	-0.132760	0
-0.166552	-0.215705	0
0.070329	0.271422	0
0.190827	-0.196041	0
0.468509	0.242792	2
0.062887	0.712998	1
0.363097	-0.198351	2
0.405904	-0.189023	2
0.402738	-0.323011	2
0.486265	-0.487375	1
0.098251	-0.039319	0
0.138045	-0.202041	0
0.374605	-0.138255	2
-0.483617	0.083186	2
0.326048	-0.579020	1
-0.150041	-0.006011	0
0.440395	0.394090	2
-0.497990	-0.150203	2
0.449510	-0.269820	2
-0.438127	-0.050482	2
0.085304	0.098241	0
-0.275814	-0.845479	1
0.301620	-0.014748	0
-0.352596	-0.636160	1
-0.164978	-0.207358	0
0.706736	0.351196	1
-0.495021	0.146949	2
0.766558	-0.280742	1
-0.448969	0.388902	2
-0.180420	0.153493	0
-0.383511	0.535336	1
-0.053827	0.255086	0
-0.113281	0.042212	0
0.323958	-0.703833	1
-0.112035	0.167842	0
-0.194280	0.694553	1
-0.701416	0.422927	1
-0.036588	-0.120879	0
0.139247	-0.058100	0
-0.619934	0.307722	1
0.301685	-0.288402	2
-0.311371	-0.352197	2
-0.072448	0.233944	0
-0.378566	-0.399954	2
-0.033644	-0.806491	1
0.518665	0.290569	2
0.723236	-0.199865	1
-0.234480	0.122273	0
-0.570180	-0.012324	2
0.325348	0.092417	0
-0.410531	-0.344183	2
-0.607817	0.001077	2
0.045598	-0.141654	0
-0.559759	0.001342	2
0.538372	0.412778	1
-0.757707	0.280697	1
-0.430891	-0.251363	2
0.151020	-0.118823	0
-0.839193	0.185767	1
0.416884	0.688509	1
0.447753	0.032081	2
-0.359298	0.762711	1
-0.192868	0.125612	0
-0.453226	-0.213590	2
0.112042	0.000311	0
0.272903	-0.644859	1
0.182948	0.171681	0
-0.130883	0.207383	0
0.496960	-0.481573	1
0.432607	0.122704	2
0.780855	-0.045699	1
0.002279	-0.136809	0
0.251661	-0.178225	0
-0.004637	0.659041	1
0.198309	-0.012095	0
-0.579869	0.581883	1
-0.516175	-0.633783	1
0.157586	-0.025375	0
-0.673393	0.381557	1
-0.481103	0.172993	2
0.400730	-0.753261	1
-0.564049	-0.507480	1
0.353874	0.147279	2
-0.081863	-0.756163	1
0.252677	0.698434	1
0.101502	-0.141752	0
0.131019	-0.205807	0
0.398218	0.323811	2
0.540885	-0.420889	1
0.443971	-0.020919	2
0.435890	0.098882	2
-0.203102	0.759656	1
0.423717	-0.244534	2
0.762977	-0.361832	1
0.653176	0.594038	1
-0.427363	-0.074232	2
0.328198	0.246021	2
-0.362268	0.003123	2
0.516712	-0.313063	2
0.213088	-0.261487	0
-0.422581	-0.138000	2
0.127626	-0.194227	0
-0.176741	0.039731	0
-0.479515	0.009694	2
0.504405	0.532989	1
0.563443	-0.176712	2
0.481029	0.066838	2
-0.344613	0.327510	2
0.033686	-0.285147	0
-0.070781	0.293211	0
0.478204	-0.280460	2
0.092644	0.069241	0
0.215771	-0.732519	1
0.018396	-0.191855	0
-0.458978	-0.733572	1
-0.104023	0.121501	0
0.405234	0.080027	2
-0.183339	-0.272545	0
-0.388143	0.188152	2
-0.325972	0.047187	0
-0.714561	0.133736	1
-0.495754	0.152588	2
0.259943	0.759665	1
-0.621937	-0.027709	2
0.234195	-0.158236	0
-0.528907	-0.173221	2
-0.112421	0.859009	1
0.533546	0.136994	2
-0.193956	-0.775431	1
0.174391	-0.070316	0
-0.630351	-0.338317	1
0.134222	0.008113	0
0.486926	0.021097	2
-0.206132	-0.186103	0
-0.599358	-0.663592	1
0.075377	-0.153997	0
0.175176	-0.102772	0
-0.175620	-0.263035	0
-0.866840	-0.009843	1
-0.421464	-0.359546	2
0.103560	-0.078315	0
-0.109584	0.207365	0
0.429668	0.135253	2
-0.468044	-0.094002	2
-0.263041	0.071086	0
-0.488388	0.333429	2
-0.389500	-0.357455	2
0.455046	-0.591890	1
0.164835	0.850716	1
-0.856695	-0.181527	1
-0.561846	0.139815	2
0.476638	-0.444271	1
0.419066	-0.033174	2
-0.116753	0.002702	0
0.425740	0.670069	1
-0.548359	0.018061	2
0.393265	0.101458	2
0.006102	-0.288742	0
-0.600898	-0.333301	1
-0.405166	0.063746	2
-0.181111	-0.144008	0
0.545153	0.097075	2
0.273567	-0.208296	0
0.236381	0.096114	0
0.081955	0.064751	0
0.263207	0.051108	0
-0.117306	0.121802	0
0.543833	0.135208	2
-0.032546	-0.139124	0
0.753026	-0.280312	1
-0.120181	-0.704864	1
-0.038082	-0.106604	0
-0.337399	-0.039948	2
0.023213	-0.158241	0
-0.543558	0.649349	1
0.530142	-0.151723	2
-0.457259	-0.268313	2
0.687817	0.007302	1
-0.045662	-0.332744	0
-0.116371	0.088498	0
-0.742750	-0.444441	1
0.254533	-0.031242	0
0.241739	0.055507	0
0.757111	0.342889	1
0.103290	-0.281568	0
0.197413	0.238545	0
0.405161	-0.135222	2
-0.428345	-0.707159	1
-0.281608	0.670262	1
-0.412516	0.180408	2
0.408716	0.226621	2
0.441693	-0.311826	2
0.260391	0.749532	1
-0.545499	0.018608	2
-0.096640	-0.086773	0
-0.759285	0.291334	1
0.716390	0.175956	1
0.783532	-0.346458	1
-0.336606	-0.061671	0
0.512891	0.121630	2
0.271671	-0.703962	1
-0.171106	0.093514	0
0.100655	-0.843682	1
0.687778	-0.016319	1
0.440500	-0.374785	2
-0.715341	-0.368019	1
-0.067621	0.113754	0
-0.749724	0.390232	1
-0.416865	-0.176194	2
-0.110294	-0.317397	0
-0.469529	0.066599	2
-0.275133	-0.131909	0
0.528040	0.051097	2
-0.132702	-0.057362	0
0.467419	0.135431	2
0.343879	-0.676965	1
-0.606250	-0.250156	1
-0.516946	-0.206453	2
0.196205	-0.042471	0
-0.786125	0.077356	1
0.223445	0.128485	0
0.198333	-0.633798	1
-0.006181	0.891996	1
0.503082	-0.356329	2
0.345566	-0.778385	1
-0.689875	0.317517	1
-0.174641	0.035176	0
0.501542	-0.149401	2
-0.413951	0.262873	2
0.559508	-0.065078	2
-0.231151	0.142093	0
-0.382892	0.361617	2
0.081925	0.732205	1
-0.194501	0.159921	0
0.011903	-0.247735	0
-0.522945	-0.087069	2
-0.686709	-0.245067	1
0.463180	0.385588	2
0.691039	0.110216	1
-0.115027	0.266516	0
-0.064200	0.253810	0
0.385994	-0.125366	2
-0.088525	0.310702	0
0.520268	-0.136648	2
0.458906	0.171503	2
-0.442260	-0.246951	2
0.376065	0.429071	2
0.474030	-0.257250	2
-0.207081	-0.867614	1
0.186218	-0.034056	0
0.353308	0.224212	2
-0.318764	0.039715	0
0.532022	-0.052982	2
-0.098131	0.168793	0
0.448201	-0.150845	2
-0.132318	-0.169816	0
-0.184758	0.252849	0
-0.134344	0.170621	0
-0.126418	-0.207137	0
0.150777	0.275875	0
-0.538135	0.075478	2
0.660188	0.570051	1
-0.650272	-0.472372	1
0.518482	-0.152684	2
-0.450116	0.376800	2
0.194295	-0.223837	0
-0.706457	-0.080065	1
0.453862	-0.734098	1
-0.394841	0.185666	2
-0.301503	0.582178	1
0.195209	0.020034	0
0.322651	-0.330925	2
-0.506225	0.302592	2
-0.569175	-0.151534	2
-0.302730	0.254551	2
0.720771	-0.066267	1
-0.385160	-0.017235	2
-0.651824	-0.449826	1
-0.383852	-0.086537	2
0.139509	-0.164374	0
0.475352	-0.576618	1
-0.015099	0.184737	0
0.411014	-0.604573	1
-0.355699	0.139003	2
0.519493	0.260937	2
0.582264	0.014658	2
0.382987	-0.253641	2
-0.321970	-0.187734	2
-0.539224	0.282228	2
0.521922	0.538214	1
0.371827	0.069012	2
0.394848	0.113414	2
-0.462478	-0.028076	2
-0.009937	0.206198	0
0.124561	-0.193967	0
0.494006	-0.200998	2
-0.375695	-0.347217	2
-0.261731	-0.188726	0
0.324167	-0.278411	2
0.098192	-0.157515	0
-0.097127	0.035204	0
-0.472702	-0.217552	2
-0.106800	0.741737	1
0.220041	0.158519	0
-0.653292	-0.044649	1
-0.576130	0.189686	2
-0.517804	0.000347	2
0.771360	-0.441392	1
-0.594088	-0.092456	2
-0.118400	0.773966	1
0.293173	0.711226	1
-0.570511	-0.144871	2
0.449488	0.012532	2
0.131655	-0.019306	0
0.378291	0.380543	2
-0.428434	-0.349618	2
-0.010552	0.237682	0
-0.684678	-0.054879	1
-0.325592	0.194292	2
-0.452850	0.127419	2
-0.051914	-0.213316	0
0.031458	0.811084	1
-0.384136	-0.021345	2
-0.354829	-0.595892	1
-0.443641	0.235368	2
-0.159957	0.025851	0
-0.028532	-0.207291	0
-0.492524	-0.046350	2
-0.541907	0.096585	2
0.604347	-0.424722	1
0.646915	-0.243965	1
-0.587598	-0.018508	2
0.146544	-0.166638	0
-0.172540	0.714953	1
0.315383	-0.785133	1
0.462478	0.182205	2
-0.352771	0.661577	1
-0.351475	0.204230	2
-0.463967	0.052612	2
0.432335	-0.260004	2
0.314230	0.251573	2
0.237856	-0.254227	0
-0.179283	0.037792	0
0.255177	-0.038688	0
-0.702961	-0.355829	1
-0.236271	-0.214920	0
-0.586506	0.321828	1
0.297078	-0.090492	0
-0.801608	0.037251	1
-0.587811	-0.482346	1
0.140113	-0.155676	0
-0.118149	0.234902	0
0.430931	-0.077983	2
0.236071	-0.637876	1
0.525567	0.086915	2
0.129208	-0.889555	1
-0.415981	0.770681	1
0.438001	0.645499	1
0.820650	-0.066163	1
0.475896	0.151517	2
-0.786930	0.255986	1
0.175964	0.089924	0
0.000000	0.000000	0
-0.361429	0.333419	2
-0.414548	0.025074	2
-0.465956	-0.021109	2
-0.156254	0.733679	1
0.688235	-0.389255	1
0.302378	-0.308241	2
-0.203152	0.114251	0
0.255677	0.043876	0
0.405945	0.045399	2
0.158183	0.051237	0
0.284875	-0.167791	0
-0.471088	0.000440	2
-0.486151	0.642288	1
-0.352046	0.223507	2
-0.271802	0.002094	0
-0.593072	0.402672	1
0.632304	-0.243654	1
-0.400680	-0.149363	2
-0.263559	0.100999	0
-0.351184	0.563614	1
-0.079835	0.746404	1
0.409802	-0.400551	2
0.366166	0.361886	2
-0.274487	-0.188085	0
0.756002	-0.464955	1
0.644171	-0.030971	2
0.710709	0.005336	1
-0.095223	-0.039620	0
-0.484303	-0.589000	1
0.424032	-0.069677	2
-0.597916	-0.438162	1
-0.324876	-0.026967	0
-0.349326	0.007766	0
0.431344	-0.240620	2
-0.485363	0.324732	2
