-0.123389 -0.137795 0
-0.153718 -0.095273 0
-0.220865 -0.584707 1
-0.275376 -0.183830 0
0.879442 -0.111220 1
0.487677 0.143026 2
-0.476345 -0.085515 2
0.542037 0.198777 2
0.489869 -0.374795 2
-0.607311 0.469646 1
-0.050619 -0.162727 0
0.554931 0.451247 1
-0.190646 0.196232 0
0.433037 -0.430897 2
0.162664 0.061153 0
-0.175994 -0.027975 0
0.420948 0.117149 2
0.207903 -0.859013 1
0.074830 -0.580667 1
0.145746 -0.180463 0
-0.588643 0.193951 2
-0.488746 -0.754131 1
-0.114350 -0.836400 1
0.598121 0.116329 2
-0.137921 0.036756 0
0.763390 -0.493878 1
-0.543442 -0.620807 1
0.073371 -0.885625 1
-0.710214 -0.560245 1
0.252031 0.659714 1
-0.040837 -0.157319 0
0.270057 0.752866 1
-0.421113 0.115615 2
-0.058923 -0.694191 1
0.522675 -0.331244 2
0.293898 -0.545272 1
0.182470 0.278209 0
0.433571 -0.014680 2
-0.242763 0.663808 1
-0.294669 -0.129215 0
0.402908 -0.398979 2
0.583699 -0.173885 2
-0.587179 -0.388121 1
0.406437 -0.131674 2
-0.265174 0.043420 0
0.571350 -0.183940 2
-0.552462 0.120248 2
-0.359480 -0.416131 2
0.220344 -0.518797 1
-0.029824 0.564163 1
0.145850 -0.892135 1
0.055579 -0.434767 1
0.544587 0.724619 1
-0.499468 -0.597995 1
-0.342393 0.012609 0
0.462499 -0.338501 2
-0.133762 0.875323 1
-0.049366 -0.321018 0
-0.177426 -0.139285 0
0.907160 -0.097342 1
-0.438522 0.648407 1
-0.611348 0.387710 1
-0.098327 -0.341697 0
-0.398163 0.321631 2
0.425106 0.116046 2
-0.264568 0.689226 1
-0.812561 0.187921 1
0.503090 -0.161316 2
-0.779987 0.201785 1
0.239137 -0.412111 1
0.707099 0.158600 1
0.226553 -0.096139 0
-0.227605 0.204971 0
0.297830 -0.070097 0
-0.427637 -0.149836 2
-0.000015 -0.149836 0
-0.401032 -0.015415 2
0.211151 -0.020525 0
0.153882 0.084660 0
-0.123406 -0.298805 0
-0.207326 -0.277759 0
0.218655 -0.123009 0
-0.218044 -0.006209 0
0.600347 -0.587818 1
-0.237135 -0.816765 1
0.424292 0.142318 2
-0.011877 0.677752 1
-0.024345 -0.603791 1
-0.017266 0.541374 1
-0.058727 0.132919 0
-0.427159 0.140113 2
0.331970 0.393682 2
-0.308554 0.344904 2
0.017258 0.239538 0
-0.073049 0.204088 0
0.617303 -0.681220 1
0.093252 0.298325 0
0.127271 0.274603 0
-0.051976 -0.538961 1
0.492163 -0.547002 1
-0.140637 -0.507301 1
-0.657890 0.266128 1
0.486362 -0.218775 2
0.167570 -0.553858 1
-0.390807 0.298766 2
0.336956 -0.400831 2
-0.088232 -0.414447 1
0.459899 -0.072855 2
-0.533431 -0.716857 1
0.458646 0.134039 2
0.481637 0.375037 2
-0.254930 -0.136041 0
-0.166393 -0.437749 1
-0.427361 -0.015096 2
-0.217538 0.035671 0
-0.148308 0.892506 1
0.415317 0.037932 2
-0.022458 0.755714 1
-0.315550 0.370760 2
0.609533 -0.046417 2
-0.095241 0.834541 1
0.449439 0.067940 2
-0.679438 0.229097 1
0.221880 -0.745147 1
0.011668 -0.348282 0
0.059880 0.177453 0
0.483144 0.254896 2
-0.189254 -0.775785 1
0.344346 0.615990 1
0.132906 0.122438 0
0.541501 -0.036718 2
-0.109536 -0.159238 0
-0.605107 0.004746 2
-0.175289 0.282224 0
0.008231 -0.735664 1
0.718781 0.507113 1
0.353251 -0.266810 2
0.429051 0.312445 2
-0.547827 -0.220572 2
0.221487 0.174989 0
-0.547550 0.424162 1
-0.118246 0.073168 0
0.310455 -0.151376 0
0.013727 -0.190771 0
0.780405 -0.257404 1
-0.069322 -0.205080 0
0.078861 -0.160764 0
0.099801 0.144134 0
-0.416449 -0.012374 2
-0.138043 -0.771934 1
-0.229265 -0.449996 1
0.613826 -0.064461 2
0.839723 -0.339783 1
0.211340 -0.162586 0
-0.072199 0.778846 1
0.432282 0.411567 2
0.429162 0.293109 2
0.094007 -0.283948 0
-0.411596 -0.591087 1
0.326656 -0.795846 1
0.161302 0.732320 1
0.245534 -0.156791 0
0.062704 0.710848 1
-0.026031 -0.791995 1
-0.795133 -0.094944 1
0.105397 -0.168245 0
-0.575484 -0.588836 1
0.586555 0.130550 2
0.596588 -0.494179 1
-0.269473 -0.098874 0
0.344009 -0.841673 1
-0.348260 0.218936 2
-0.351422 -0.028189 0
-0.150612 0.021430 0
-0.332255 -0.556107 1
-0.000114 0.488215 1
0.324410 -0.001825 0
-0.764206 0.388888 1
0.135598 0.009154 0
-0.304982 -0.259535 2
0.042847 -0.306465 0
0.548445 0.284695 2
-0.186759 -0.023921 0
-0.856263 -0.015469 1
0.665213 -0.602814 1
0.055816 -0.841107 1
-0.452060 0.625808 1
0.856460 0.168363 1
0.493263 -0.145054 2
-0.296423 -0.308621 2
0.445593 0.721447 1
0.282124 0.166416 0
0.389035 -0.666193 1
-0.103386 0.178281 0
-0.021869 -0.225617 0
-0.341944 0.366902 2
0.050608 0.689458 1
0.081692 0.879326 1
-0.005037 -0.166547 0
-0.465107 -0.264248 2
-0.307966 -0.150704 0
0.431190 0.101295 2
0.238298 -0.462804 1
0.259101 0.242497 0
0.056039 0.145811 0
0.095693 -0.132744 0
-0.112408 -0.621197 1
0.152660 0.089628 0
-0.210080 0.412521 1
0.010074 0.253047 0
-0.698157 0.229116 1
0.295255 -0.688531 1
0.106826 0.478106 1
0.589652 -0.057875 2
0.529848 -0.210295 2
-0.471843 -0.101837 2
0.862542 0.213648 1
-0.209459 0.101956 0
0.221571 -0.425767 1
-0.642978 -0.507623 1
-0.036663 0.135490 0
0.020340 -0.707680 1
-0.181931 0.837325 1
0.270680 -0.095487 0
-0.396887 -0.263936 2
0.230712 -0.029106 0
0.004661 0.642630 1
-0.064965 0.191998 0
0.534899 0.310556 2
0.187355 -0.287210 0
0.361525 0.804848 1
-0.278694 0.179868 0
-0.359043 0.400112 2
0.214152 -0.516747 1
-0.003299 0.155182 0
0.307734 -0.021045 0
-0.043305 -0.132645 0
0.100490 -0.190738 0
-0.806931 0.028838 1
0.036952 0.548771 1
-0.052701 -0.256598 0
0.361909 0.841763 1
-0.225170 0.462267 1
-0.718665 -0.268993 1
0.252683 0.708775 1
0.352114 -0.594320 1
0.259044 0.008841 0
0.079420 -0.239950 0
0.401859 0.120938 2
-0.499259 0.222870 2
-0.187663 -0.064902 0
0.280348 0.837391 1
0.335044 0.219689 2
-0.363552 0.242577 2
-0.513399 -0.230425 2
-0.832568 0.322260 1
-0.172156 -0.539755 1
-0.760028 -0.025209 1
0.196221 0.193454 0
-0.333863 -0.849503 1
0.041897 0.550090 1
0.020093 0.743477 1
0.489859 0.268706 2
-0.172432 0.586253 1
0.374839 -0.318906 2
0.289445 -0.668026 1
-0.155452 0.501208 1
0.237708 -0.430192 1
0.009735 -0.434137 1
0.009139 0.444406 1
0.756849 -0.459532 1
-0.311385 0.548564 1
-0.221253 0.043177 0
0.317505 -0.039695 0
0.014658 0.712255 1
-0.017651 -0.265415 0
0.339661 -0.009682 0
-0.015580 0.486543 1
0.032962 0.596451 1
-0.034574 0.722284 1
-0.407779 -0.329808 2
0.911019 0.090771 1
0.864207 -0.032172 1
0.065695 -0.329792 0
0.110952 0.547029 1
-0.563702 -0.093894 2
-0.864479 0.112427 1
0.453889 0.142881 2
0.758561 0.507253 1
0.139750 -0.532471 1
0.064822 -0.486190 1
0.113243 -0.819697 1
0.094256 -0.281156 0
0.168169 -0.408282 1
0.027354 -0.195678 0
-0.115215 -0.140865 0
0.389586 -0.366462 2
-0.241447 0.395899 1
-0.420240 -0.226238 2
-0.430230 -0.071093 2
0.367992 0.226440 2
-0.404932 -0.327930 2
-0.506474 -0.192484 2
0.244057 -0.181174 0
0.556625 -0.486365 1
0.454275 0.226164 2
-0.184946 0.009126 0
0.846104 0.131019 1
-0.436091 0.619058 1
0.300891 0.069569 0
0.438606 0.294924 2
0.271323 -0.085912 0
0.411945 0.138765 2
0.195534 -0.705945 1
0.164036 -0.080411 0
-0.546511 0.088553 2
-0.023001 -0.179224 0
-0.758254 0.157104 1
0.736489 -0.384947 1
0.156197 0.091207 0
0.171748 -0.818834 1
0.512673 0.000686 2
0.196640 0.242609 0
-0.429791 0.197078 2
-0.332050 -0.066398 0
0.571909 -0.433600 1
0.573383 0.042186 2
0.468668 0.574027 1
-0.715050 -0.104475 1
-0.578601 -0.054226 2
-0.147022 -0.202693 0
0.403033 -0.264039 2
0.672730 0.614799 1
0.594220 -0.096076 2
-0.080554 0.213039 0
-0.866678 0.012810 1
0.117276 0.223624 0
0.468060 -0.062872 2
-0.554170 -0.078860 2
-0.203526 0.233232 0
0.650871 0.290566 1
-0.127311 0.144553 0
0.288021 -0.147435 0
-0.314026 0.105958 0
-0.516935 0.341519 2
-0.109785 -0.204582 0
0.631224 -0.382544 1
-0.373721 0.373044 2
-0.600361 0.417144 1
-0.384882 -0.337631 2
0.220723 -0.364629 1
-0.034009 -0.900902 1
-0.450708 -0.735796 1
0.187040 -0.460052 1
0.511065 -0.297674 2
-0.270062 0.079717 0
0.319612 0.322889 2
0.711563 0.122724 1
0.179135 0.521638 1
0.250790 0.797957 1
-0.828912 0.125240 1
0.238802 -0.412861 1
-0.328813 0.276960 2
0.250657 -0.633777 1
-0.349755 -0.007985 0
-0.170562 0.095719 0
0.089774 -0.683899 1
0.307832 0.756994 1
0.252982 -0.866052 1
-0.326034 -0.708153 1
0.434846 -0.248512 2
0.354587 0.391335 2
-0.137299 0.214583 0
0.753799 -0.063479 1
-0.460334 -0.029123 2
0.498365 -0.343846 2
-0.330377 0.247956 2
-0.023785 -0.789049 1
-0.788634 0.159542 1
-0.070167 -0.829744 1
0.109263 0.246240 0
-0.326199 -0.141039 0
0.837689 0.277040 1
0.481510 0.518539 1
0.792844 0.262470 1
-0.326166 0.358276 2
0.277805 0.177382 0
0.852176 -0.305906 1
-0.051113 0.446685 1
-0.102178 0.689059 1
0.145186 0.296392 0
0.157070 -0.258509 0
0.217178 -0.274431 0
-0.567114 -0.084390 2
0.241249 0.086000 0
0.265735 -0.093738 0
-0.197850 -0.230401 0
-0.570069 0.104456 2
-0.251843 -0.490057 1
0.393612 -0.179290 2
0.326438 0.523149 1
-0.177341 -0.435194 1
-0.512168 -0.637256 1
0.346601 -0.031577 0
-0.729431 0.101726 1
-0.475334 -0.080153 2
-0.254832 0.423392 1
0.456750 -0.657138 1
0.229279 -0.144218 0
-0.453820 0.072576 2
-0.474052 -0.558138 1
0.186279 0.600414 1
-0.442997 0.259134 2
-0.511836 -0.311396 2
-0.139504 -0.048355 0
0.741038 0.464044 1
-0.125497 -0.295577 0
-0.046517 0.260957 0
-0.593776 -0.513727 1
-0.170732 -0.083525 0
-0.163500 0.036575 0
0.427711 -0.601469 1
0.322723 -0.027171 0
-0.206856 -0.281535 0
0.051899 -0.645338 1
0.135021 0.126271 0
0.052638 -0.253184 0
0.226284 -0.464408 1
-0.573957 0.189648 2
0.367841 0.282364 2
-0.386915 -0.795754 1
-0.157624 -0.287587 0
-0.017001 -0.616165 1
0.650652 -0.264677 1
0.111424 -0.335992 0
-0.188747 -0.217950 0
-0.309584 0.723524 1
0.128873 0.803522 1
-0.170813 -0.192842 0
-0.210736 -0.176550 0
0.482700 -0.655702 1
0.404823 0.085803 2
0.447272 0.232462 2
0.464895 0.144144 2
-0.030583 -0.321231 0
0.150037 0.790783 1
-0.067821 0.276908 0
0.744654 -0.520612 1
-0.052912 -0.284117 0
0.481858 0.219587 2
0.459212 -0.364353 2
0.007215 -0.657085 1
0.147969 -0.721102 1
-0.900639 0.177648 1
0.524819 0.634847 1
0.214171 -0.369569 1
0.463535 -0.008233 2
-0.206678 0.393533 1
0.354234 0.333697 2
-0.696898 -0.227597 1
-0.088098 0.871678 1
0.157441 0.184123 0
-0.295994 0.337552 2
-0.889115 -0.177104 1
-0.037479 -0.337799 0
0.168640 -0.410481 1
-0.282178 0.201365 0
0.429517 0.351594 2
-0.338512 -0.010194 0
0.083719 0.688660 1
-0.282355 -0.138232 0
0.124303 -0.086399 0
-0.310812 0.316094 2
-0.153082 -0.261408 0
-0.803650 0.389518 1
-0.206407 0.022692 0
-0.239242 -0.201858 0
0.280747 -0.075045 0
-0.479047 -0.085102 2
-0.251611 0.610978 1
-0.228669 0.763749 1
-0.502211 -0.243235 2
0.388557 0.432782 2
-0.018598 -0.222127 0
0.294544 -0.194531 0
0.388101 -0.277947 2
-0.574007 -0.191572 2
-0.368437 0.176845 2
0.113172 0.209874 0
0.190656 0.183420 0
-0.294427 -0.567029 1
-0.188188 -0.220589 0
0.187249 -0.306070 0
-0.230828 -0.073631 0
-0.492684 -0.582197 1
0.338536 -0.371750 2
0.045680 -0.140978 0
-0.524825 -0.102748 2
-0.254459 -0.153622 0
0.408653 -0.578847 1
0.740131 0.294820 1
0.155814 0.574434 1
0.152500 -0.569719 1
0.206150 0.159864 0
0.208250 -0.882274 1
-0.620839 -0.334278 1
-0.421902 0.321508 2
0.315740 0.345935 2
0.309022 0.764131 1
0.155073 -0.210281 0
-0.114605 -0.317064 0
0.032344 -0.275085 0
0.069358 0.336284 0
-0.352627 0.319621 2
0.589554 -0.489099 1
0.776553 -0.025308 1
0.212961 -0.799101 1
-0.170158 0.126007 0
0.035908 -0.165118 0
-0.687453 0.504794 1
0.345832 0.065087 0
0.126879 -0.435548 1
0.270587 0.064011 0
0.328441 0.798649 1
-0.149183 -0.460589 1
0.110890 -0.869302 1
-0.498618 0.092407 2
0.237569 0.211729 0
0.303172 0.115886 0
0.429113 -0.709089 1
-0.016431 -0.894190 1
-0.339730 -0.263869 2
-0.126121 -0.233678 0
-0.239666 0.462557 1
-0.049650 0.633841 1
-0.151046 -0.435857 1
0.166332 0.038344 0
0.245424 0.166901 0
0.790350 0.301178 1
-0.350033 0.825233 1
-0.852283 0.213521 1
0.159777 0.133177 0
-0.709660 -0.324013 1
-0.182221 -0.710016 1
-0.174682 0.657492 1
0.469512 -0.324469 2
-0.515963 -0.295612 2
-0.591971 0.032664 2
0.096700 -0.343434 0
0.372086 0.323822 2
0.694726 0.228320 1
-0.025742 -0.251297 0
-0.177224 0.134041 0
0.181345 -0.896740 1
0.101948 -0.139335 0
-0.608475 0.640562 1
0.249366 0.513366 1
-0.232535 0.672765 1
0.063515 0.645987 1
0.111940 0.122406 0
0.277501 0.075636 0
-0.138937 0.111206 0
0.199728 -0.386852 1
-0.565674 0.123187 2
-0.084217 -0.571369 1
-0.145845 0.150952 0
-0.386892 0.111321 2
0.021530 0.277092 0
0.288365 -0.132968 0
-0.724965 -0.135423 1
0.508190 0.282551 2
0.188683 0.464069 1
0.172669 0.794126 1
-0.150535 0.009756 0
0.435749 -0.318156 2
-0.633378 0.482207 1
-0.091068 0.639483 1
0.204162 0.393841 1
-0.098479 -0.772332 1
0.433974 0.248048 2
-0.238405 -0.213306 0
0.632785 -0.628513 1
0.109444 0.810787 1
0.044430 0.763845 1
-0.505284 0.308710 2
0.406948 -0.127103 2
0.020700 0.584739 1
0.494858 0.323974 2
-0.083956 -0.326177 0
0.032168 -0.214233 0
0.075895 0.246174 0
-0.054479 0.589905 1
0.171833 -0.019729 0
0.195238 0.245341 0
-0.138415 0.199618 0
-0.780169 -0.135947 1
0.457880 -0.580975 1
-0.498578 0.269180 2
-0.188920 -0.701956 1
-0.214994 -0.131051 0
0.511402 -0.067530 2
0.348194 0.218617 2
0.140689 0.267723 0
-0.449484 -0.122560 2
0.336786 -0.089002 0
-0.801657 -0.161361 1
0.023170 0.893908 1
0.160060 0.606846 1
-0.007618 -0.165796 0
0.327304 -0.019928 0
0.388145 0.354269 2
0.599231 -0.066879 2
-0.493564 0.227603 2
0.257981 0.093920 0
-0.502029 0.625164 1
-0.325254 -0.536452 1
0.462661 -0.399748 2
-0.206296 0.175429 0
-0.742505 -0.252460 1
0.100468 0.721112 1
0.065677 -0.274077 0
-0.281371 0.017352 0
0.159250 0.556386 1
-0.645998 0.459118 1
0.667877 0.313929 1
-0.030154 -0.597979 1
-0.209559 -0.636463 1
-0.205546 0.084529 0
-0.677824 0.614572 1
-0.803839 -0.099238 1
-0.531317 -0.155993 2
-0.043801 0.224915 0
-0.019592 -0.636870 1
0.196482 0.262663 0
-0.195079 -0.027929 0
0.137189 0.025277 0
0.320602 0.381297 2
-0.077678 0.844537 1
-0.129258 0.895927 1
0.811162 -0.183892 1
0.674086 -0.179795 1
0.659867 -0.432829 1
0.488911 0.355958 2
0.033895 -0.602354 1
0.582520 -0.103054 2
-0.115172 0.257051 0
0.184813 -0.487483 1
-0.366724 -0.211058 2
0.722291 -0.303607 1
-0.557406 -0.677586 1
-0.316097 0.068604 0
-0.584847 0.471211 1
0.167371 -0.899794 1
-0.169657 0.007157 0
0.401266 -0.189951 2
0.540639 -0.258793 2
0.044997 -0.140755 0
-0.173750 0.245474 0
0.201890 -0.267905 0
-0.042818 0.330014 0
-0.250474 -0.159664 0
0.577788 0.594556 1
-0.340728 0.218791 2
0.286127 0.044992 0
0.150800 -0.113917 0
0.111783 0.164958 0
-0.455486 -0.201445 2
0.037425 0.346013 0
0.047561 0.833405 1
0.096018 -0.282999 0
0.231852 0.078012 0
0.527391 -0.173065 2
0.049438 -0.242524 0
-0.119092 -0.169299 0
-0.414932 -0.787895 1
-0.311955 0.507364 1
0.162857 0.042849 0
0.432395 -0.113164 2
0.518666 -0.570557 1
-0.817156 -0.212421 1
0.205018 -0.039356 0
-0.473218 -0.214263 2
0.180388 0.462944 1
0.347043 0.015961 0
-0.560728 0.396471 1
0.465529 -0.226826 2
0.156760 0.217692 0
-0.460281 0.252887 2
0.159963 -0.151736 0
-0.506557 0.189640 2
0.210795 0.780122 1
-0.338586 -0.245080 2
-0.596141 0.084554 2
-0.473405 -0.370370 2
-0.300612 0.002235 0
-0.380139 -0.164103 2
-0.146978 0.176179 0
-0.301915 0.138798 0
0.313279 0.080754 0
-0.162568 0.278348 0
-0.389292 -0.128431 2
0.206942 -0.179227 0
0.004336 0.474082 1
0.020234 -0.256432 0
-0.763981 0.409029 1
-0.345635 -0.256291 2
-0.865168 -0.044576 1
-0.363866 -0.302411 2
0.203235 0.166593 0
0.140354 -0.232947 0
-0.069461 -0.507398 1
0.295797 -0.623449 1
-0.040341 0.593306 1
0.480228 0.701153 1
0.100417 0.268504 0
-0.227215 0.100401 0
-0.399390 -0.464472 2
-0.265263 0.149322 0
-0.094004 0.600451 1
-0.132839 -0.542780 1
0.547551 -0.226632 2
0.560845 -0.108954 2
0.256411 0.238425 0
-0.666809 -0.617686 1
0.213117 0.275213 0
0.362851 -0.265247 2
0.687538 -0.367372 1
0.118877 0.756019 1
0.464257 -0.525928 1
-0.432687 0.080892 2
-0.221380 0.217630 0
-0.165639 -0.042005 0
0.345676 0.379446 2
0.157521 0.261647 0
-0.497165 0.594776 1
-0.222011 0.413547 1
0.522193 -0.616770 1
0.499592 0.029541 2
-0.720082 -0.303706 1
0.248557 -0.097339 0
-0.085121 0.211253 0
-0.220620 0.151898 0
-0.494731 -0.060687 2
-0.380618 -0.779523 1
-0.507648 -0.637731 1
-0.800344 0.115442 1
-0.188689 0.544880 1
-0.570069 0.612647 1
0.046135 0.298477 0
0.482014 -0.065342 2
-0.388279 0.320510 2
-0.364210 -0.285614 2
0.413869 -0.159433 2
0.049195 -0.784537 1
-0.364448 -0.292575 2
0.027035 -0.175531 0
-0.096121 0.602803 1
0.056914 -0.328012 0
-0.209078 -0.508224 1
-0.339587 -0.376125 2
-0.306621 0.257411 2
-0.064371 -0.211765 0
0.122577 -0.052005 0
-0.162949 0.417908 1
0.795900 -0.201227 1
-0.601776 0.369420 1
0.131794 -0.602074 1
0.143197 -0.196380 0
0.692342 -0.005091 1
-0.614821 -0.072157 2
0.307972 0.149818 0
-0.148236 -0.105548 0
0.838264 -0.308963 1
0.327435 0.647267 1
0.694484 -0.396731 1
0.355423 -0.412479 2
0.736149 0.266127 1
-0.280168 -0.177988 0
0.153808 -0.170531 0
0.321318 0.101505 0
-0.628491 0.295953 1
0.264920 0.180272 0
-0.491692 0.471606 1
-0.024958 0.190261 0
0.251887 0.784653 1
-0.496682 0.202578 2
-0.176035 0.046899 0
0.503080 -0.088651 2
-0.501492 0.351965 2
-0.216446 0.892789 1
-0.098994 -0.201391 0
-0.702473 0.083711 1
-0.304194 -0.110514 0
0.356473 -0.396229 2
-0.577148 0.018650 2
-0.340095 0.243737 2
-0.292621 0.181664 0
-0.546393 0.732022 1
0.574809 -0.162262 2
-0.511540 -0.006511 2
-0.299930 0.101122 0
0.114548 -0.581252 1
0.434680 0.381435 2
-0.111061 -0.219009 0
-0.150365 -0.506611 1
0.406235 0.799522 1
0.593734 -0.462415 1
-0.101165 0.236011 0
-0.115151 0.805951 1
0.381916 -0.804294 1
0.331405 -0.046280 0
0.057665 -0.197951 0
0.556999 0.146200 2
-0.795873 0.108656 1
-0.001275 -0.689859 1
-0.425473 0.700651 1
0.123203 0.080069 0
-0.193953 0.766795 1
-0.335209 0.376787 2
-0.520328 -0.215722 2
0.153175 -0.002854 0
0.156533 -0.570417 1
-0.737974 0.310211 1
-0.574429 -0.619970 1
-0.266456 -0.538134 1
0.231773 -0.673904 1
0.398315 0.722380 1
-0.469309 0.268680 2
-0.014930 0.782874 1
0.167968 0.670510 1
-0.401577 0.232279 2
0.675605 -0.606809 1
-0.809219 0.351632 1
0.400168 -0.373632 2
0.586233 0.489484 1
-0.281869 0.578151 1
0.023429 0.240353 0
-0.457138 0.112676 2
0.505388 -0.074029 2
0.228479 0.613595 1
0.206325 0.126809 0
-0.408120 0.574720 1
0.296488 0.022964 0
-0.089916 0.209807 0
0.182720 -0.270767 0
-0.083961 0.264364 0
0.169797 -0.637249 1
0.474399 0.377150 2
-0.173868 -0.167219 0
-0.230885 -0.233842 0
-0.775110 0.021409 1
0.195601 0.827902 1
-0.144565 -0.221178 0
0.429176 -0.345258 2
0.236726 0.410973 1
0.186320 0.569462 1
-0.479064 0.025274 2
0.225533 0.660991 1
-0.161714 -0.008495 0
-0.440167 0.143756 2
0.120072 0.494849 1
-0.577549 0.087319 2
0.239325 -0.101892 0
0.213101 0.061403 0
-0.127455 0.427072 1
-0.619860 -0.297257 1
0.891156 -0.028991 1
-0.220392 -0.197547 0
0.634088 0.354604 1
0.519721 0.241049 2
-0.321919 0.534078 1
0.061492 -0.319069 0
-0.485253 0.103983 2
-0.412740 0.023336 2
0.023034 -0.262619 0
-0.068253 -0.290380 0
0.528379 -0.008063 2
-0.693370 -0.025115 1
-0.120372 0.443015 1
0.523947 0.220078 2
-0.464623 0.398128 2
-0.033028 0.185646 0
-0.580101 -0.014768 2
-0.538217 0.562119 1
0.043957 -0.258885 0
0.503094 0.570924 1
0.174543 -0.233950 0
-0.238566 0.560987 1
0.445812 0.134470 2
-0.389171 -0.437437 2
-0.089845 0.143849 0
-0.455344 0.258254 2
0.171657 0.155416 0
0.390461 0.192630 2
0.052624 0.200032 0
-0.484075 -0.155066 2
0.589584 0.637046 1
-0.388792 -0.727150 1
0.694153 -0.069204 1
0.176727 0.554846 1
0.193131 0.260412 0
0.366068 -0.312431 2
-0.828100 0.373804 1
-0.312372 0.123476 0
0.100377 0.510649 1
0.009473 0.164191 0
0.198051 -0.237212 0
-0.108232 -0.580741 1
0.782104 -0.137278 1
0.128978 -0.251570 0
-0.226563 0.678095 1
0.463078 0.036078 2
-0.312094 0.655370 1
0.823388 0.022281 1
-0.472307 -0.553768 1
0.310430 0.622300 1
0.021361 -0.262902 0
-0.780952 -0.446387 1
-0.154784 -0.867764 1
0.198300 -0.261212 0
0.792798 -0.224686 1
-0.003322 -0.817114 1
0.592044 0.152914 2
0.679698 -0.576402 1
-0.235751 -0.251087 0
0.605443 0.017397 2
-0.248340 -0.179462 0
0.316552 0.029287 0
0.438332 -0.802146 1
0.088230 0.151149 0
-0.022601 -0.914643 1
-0.300490 0.039171 0
-0.763413 0.502414 1
0.224136 -0.199751 0
-0.315279 -0.320716 2
-0.009981 -0.790336 1
0.419569 -0.177551 2
-0.075018 0.224421 0
0.119886 -0.135200 0
0.189814 0.212848 0
-0.756383 0.467815 1
0.396116 0.281489 2
-0.508089 -0.097605 2
-0.417900 -0.178367 2
-0.721726 0.119277 1
0.197882 0.062874 0
0.186474 -0.302247 0
0.181211 -0.103606 0
-0.473916 0.088152 2
-0.018305 0.611897 1
-0.063591 0.217052 0
-0.101014 -0.095287 0
0.100495 0.711278 1
0.692141 -0.392718 1
-0.143593 0.538080 1
0.784676 -0.369220 1
-0.094924 0.223608 0
-0.305597 -0.028170 0
-0.627109 0.438508 1
-0.216312 -0.232776 0
0.360162 -0.192425 2
-0.412619 -0.426284 2
0.183858 0.183682 0
0.188110 -0.101793 0
0.799691 -0.201975 1
-0.268078 -0.234492 0
-0.393785 0.199536 2
-0.736558 0.063650 1
-0.881519 0.011456 1
0.779133 -0.091536 1
0.252021 -0.490431 1
0.196747 -0.295101 0
-0.440221 -0.418311 2
-0.477007 -0.198334 2
-0.270043 0.433419 1
-0.474194 -0.362403 2
-0.013402 -0.781154 1
0.608712 0.634440 1
-0.039442 -0.425508 1
-0.102522 -0.153475 0
0.585230 0.467726 1
0.261575 -0.635755 1
-0.494288 -0.234182 2
0.244168 0.006906 0
0.554710 0.108053 2
0.579066 -0.594463 1
0.358985 0.415950 2
0.204729 0.178455 0
-0.241360 -0.149491 0
-0.267975 -0.196865 0
-0.047275 0.218525 0
-0.556661 0.232643 2
-0.834668 0.129183 1
-0.578044 0.216382 2
0.176118 -0.897529 1
0.378863 -0.225319 2
-0.091978 0.102227 0
-0.209130 -0.284946 0
-0.240428 0.091171 0
0.343260 -0.703884 1