-0.026339     -0.027176     0
0.207404     -1.029597     2
0.050567     -0.531072     1
0.253612     -1.179257     2
-0.837909     0.189094     1
0.083061     -0.130474     0
1.023121     0.607949     2
-0.253679     -0.702648     1
-0.082622     -0.322911     0
-0.558822     0.696381     2
0.808976     -0.311345     2
0.484930     -0.730889     2
-1.136090     -0.337688     2
-0.180672     -0.175932     0
0.052100     -0.613476     1
-0.917823     -0.395786     2
0.836203     0.772067     2
-0.022718     0.074768     0
0.285744     -0.401906     1
-0.820257     0.579651     2
-0.195512     0.290259     0
0.601840     1.093383     2
0.071864     -0.036906     0
0.118894     1.041937     2
-0.493404     -0.718218     1
0.716060     0.328494     2
0.543883     0.721623     1
0.515272     -0.270105     1
-0.049471     0.005719     0
-0.073576     -0.095290     0
0.132303     0.493868     1
0.099815     0.074600     0
0.317832     -0.645106     1
0.869993     -1.185739     2
-0.810430     0.553925     2
-0.008706     -0.667726     1
-0.318994     0.935997     2
0.420637     1.066993     2
-0.672709     0.477485     1
-0.385367     0.707618     2
0.083140     0.041383     0
0.954851     -0.273453     2
-0.066506     -0.937280     1
0.550294     0.905208     2
1.038263     0.595622     2
0.079524     -0.088357     0
0.148517     -0.307366     1
0.765085     -0.190380     1
-0.984150     -0.760233     2
0.606369     0.365078     2
0.054465     0.803962     1
-0.778435     0.695283     2
0.958167     -0.032511     2
0.442793     0.252893     1
-0.021416     0.006211     0
1.209537     -0.007060     2
0.824056     -1.089098     2
0.582523     -0.026407     1
0.302064     0.455351     1
0.853159     0.413666     2
0.144617     0.794227     1
0.188784     -0.459566     1
-0.074755     -0.699220     1
0.083252     0.714439     1
-1.133093     0.401175     2
0.053737     -0.038056     0
-0.161166     -0.876320     2
0.425399     -1.139703     2
-1.074201     -0.787900     2
-0.371943     0.461566     1
-0.375346     -0.668549     1
0.410560     -0.695350     2
-0.455274     -0.830919     2
-0.112868     -0.105394     0
0.096925     -0.580664     1
0.340043     0.065983     1
-0.155275     1.082244     2
0.173697     1.224023     2
1.158569     0.346660     2
-0.136488     0.465989     1
0.983169     -0.521545     2
-0.728048     0.516561     2
0.997915     0.613209     2
-0.963596     0.370024     2
-0.473177     0.019910     1
0.253548     -1.001320     2
0.258994     -0.439095     1
-1.012202     0.523942     2
0.261134     0.567064     1
0.056098     -0.313059     0
1.059007     0.424026     2
0.651483     -0.440937     1
0.145509     -0.095983     0
-0.004820     -0.003476     0
-0.734200     -0.866678     2
0.680388     1.122033     2
-0.719749     0.732953     2
-0.515029     -0.154106     1
-1.043001     0.129528     2
-0.590902     -0.872256     2
-0.957104     -0.571123     2
1.076585     -0.147003     2
0.038715     -0.263349     0
0.834931     0.340517     2
-1.222122     0.032314     2
0.885318     0.820492     2
0.396953     0.611300     1
0.297475     -1.165027     2
-0.103747     1.138252     2
0.241212     0.820917     2
0.061265     -0.095401     0
0.027260     -0.033232     0
0.826934     0.614162     2
0.002020     0.246617     1
-0.640255     0.392072     1
0.834616     -0.039745     2
-0.170889     -1.085966     2
0.982683     0.273456     2
0.058429     -0.001352     0
0.022927     -0.474342     1
0.398822     0.847988     2
-0.670608     0.632953     2
1.099009     0.043257     2
0.667913     0.032522     1
0.014730     0.033005     0
1.041034     0.376345     2
-0.309705     0.228340     0
-0.043306     0.151993     0
-0.209059     1.070969     2
-0.010054     0.208615     0
-0.666979     0.307890     1
-0.027431     0.335619     0
-0.511503     1.114863     2
-1.196147     -0.434514     2
0.084857     -0.221777     0
0.033137     0.771849     1
-0.100385     0.200255     0
-0.206272     0.055744     0
0.231589     -0.446478     1
-0.215199     1.100743     2
0.174577     -0.243803     0
0.889655     -0.630549     2
-0.360296     -0.577784     1
0.394612     0.480877     1
-0.063727     -0.115405     0
-0.570416     -1.114583     2
0.797399     0.403037     1
-0.495561     -0.840083     2
-0.066495     0.009626     0
-0.130541     -0.089450     0
-0.542838     0.580221     1
0.025951     -0.010767     0
-0.028196     0.641761     1
-0.082239     -0.031495     0
0.324494     -0.501044     1
-0.787678     0.156690     2
-0.010280     -0.608234     1
1.044418     -0.310088     2
-0.213499     -0.123439     1
-1.180270     0.360918     2
0.016195     0.027035     0
-0.641392     0.636714     2
0.207128     0.019676     0
-0.223280     1.001798     2
0.081668     -0.902352     2
-0.887618     -0.170173     2
-1.123493     -0.729577     2
1.032902     0.029346     2
0.084137     -0.579051     1
0.031085     0.623547     1
0.158321     0.254093     1
-1.257800     0.016930     2
-0.514355     0.208895     1
0.298354     -0.626992     1
0.077248     0.283780     0
-0.513882     -0.653869     2
-0.296578     -0.574114     1
-0.686606     -0.882697     2
0.467644     0.950729     2
-0.075519     0.064248     0
-0.156342     -0.764322     1
0.726302     -0.797308     2
0.425692     0.004441     1
-0.140360     0.614612     1
0.135322     -0.144635     0
-0.176225     0.100284     0
-0.548863     0.160476     1
0.863962     -0.249691     1
-0.330204     0.198499     1
0.413323     0.098265     1
-0.169979     0.322597     1
0.079234     0.115708     0
-0.012110     -1.355171     2
0.265625     -1.340075     2
0.886998     1.013320     2
0.919429     0.193731     2
-0.003271     -0.696309     1
-0.265190     0.286512     1
0.375865     -1.016351     2
0.071654     -0.304857     1
0.019319     0.732898     1
-0.505989     0.057608     1
-0.544797     1.101028     2
-0.094939     -0.313661     0
-0.032375     -0.523309     1
0.118266     0.093439     0
-0.834038     0.337209     2
-0.251332     -0.380044     1
0.573869     0.224949     1
-0.628957     0.951688     2
-0.337419     0.061494     1
1.221146     -0.144452     2
-0.146432     -0.000902     0
0.339593     0.090552     0
-0.454171     0.414039     1
-0.214200     -0.128831     1
-1.253124     0.306683     2
0.182698     -0.679867     1
-1.193339     0.190192     2
0.209406     -1.223574     2
0.022603     -0.247842     0
1.019280     -0.329416     2
-1.071588     -0.741850     2
0.315973     0.574521     2
1.026778     -0.776754     2
0.012093     -0.126124     0
0.436461     0.542758     1
0.166781     1.037621     2
0.532297     -0.452752     1
0.140405     0.591272     1
-0.183091     0.004071     0
0.000225     0.005797     0
0.070990     -0.002138     0
1.282107     0.498052     2
0.155849     0.089616     0
-0.032736     0.106673     0
0.625827     0.836086     2
-0.631461     0.768204     2
0.109254     -0.934083     1
-0.095794     -0.045927     0
-0.207358     -0.573325     1
-0.445034     -0.409485     1
0.769831     1.103479     2
0.238684     -0.797170     1
-0.174507     -0.194887     0
-0.442165     -0.336911     1
-0.116925     0.089678     0
0.373982     0.887339     2
0.988786     -0.394821     2
0.459457     0.433514     1
0.741059     0.462005     1
-0.729939     0.684281     2
0.248636     -0.572761     1
-0.567154     0.409250     1
-0.026525     -0.640641     1
-0.037272     -0.271600     0
0.144440     0.128997     0
0.310143     0.654273     1
-0.077212     1.159931     2
0.920660     0.945956     2
0.081769     -0.087043     0
0.093028     -0.412010     1
0.910411     0.465199     2
-0.913973     0.955433     2
-0.986355     -0.630263     2
0.113252     0.211599     1
0.002990     -0.141488     0
-0.030553     -0.021480     0
-0.236708     -1.034633     2
1.187859     -0.160024     2
0.841207     0.119081     2
0.051813     -0.006360     0
-0.238990     -0.619185     1
0.119879     0.152865     0
-0.225070     0.383907     1
-0.332818     -0.547746     1
0.065157     0.724016     1
-0.495812     -0.021971     1
0.041449     0.129864     0
1.014232     -0.105378     2
0.215233     -0.363378     1
0.004260     0.227402     0
0.116127     -0.675393     1
-0.606464     -0.100191     1
-0.732699     0.088576     1
0.088811     0.019949     0
-0.085795     -0.938111     1
-0.187647     1.045380     2
0.458025     0.936336     2
0.082552     -0.081724     0
-0.513586     0.758321     1
0.589661     -0.027855     1
-0.512090     0.021644     1
-0.058803     0.007326     0
-0.364464     -0.514253     1
-0.145860     -0.407446     1
-0.465929     -0.911637     2
-0.267091     0.053797     0
-0.229237     0.600125     1
0.272630     1.228056     2
0.895595     -1.004098     2
0.430625     0.044505     1
0.368511     0.167652     1
0.401518     0.275014     1
-0.475495     -0.984708     2
-1.220026     -0.180459     2
-0.347962     -0.246048     1
-0.191300     0.520662     1
-0.123337     -0.420822     1
-0.117674     -0.844188     2
0.816096     0.673069     2
-0.155156     -0.578856     1
-0.475681     -1.169054     2
-1.078771     -0.055956     2
-0.566519     -0.226309     1
0.191267     1.295882     2
-0.223744     0.496309     1
1.206256     -0.368231     2
0.801755     -0.468106     2
-0.978922     0.729006     2
-1.102076     0.199214     2
0.280435     -0.153761     1
0.381191     0.661661     1
-0.456582     -0.164237     1
-0.942532     -0.631622     2
-0.030161     0.274549     0
0.005803     -0.120784     0
0.578780     0.737813     2
0.647586     0.562588     2
0.208049     0.699077     2
-1.204330     0.227860     2
1.066638     -0.466008     2
-0.021756     -0.018783     0
1.067137     -0.454707     2
-0.032276     0.637808     1
0.073324     0.389591     1
-0.977580     -0.202185     2
-0.238257     0.942398     2
-1.196204     -0.240564     2
0.589981     1.222774     2
0.731175     0.434723     2
-0.962506     0.267713     2
0.008419     0.995204     2
-0.964345     0.352080     2
-0.489949     0.045816     1
-0.162878     -1.029292     2
0.223717     -0.032807     0
0.173866     -0.575217     1
-0.255334     -0.415537     1
-0.457804     0.052470     1
0.629979     0.803544     2
-1.048002     -0.102569     2
-0.238545     -0.251923     1
0.334964     -1.275954     2
0.194924     0.767672     1
0.795107     0.011636     1
0.396371     0.253771     1
0.095822     0.023344     0
-0.404892     0.412533     1
0.269920     -0.271519     1
-0.003000     0.014216     0
-0.074729     0.023167     0
-0.713756     -0.099854     1
-0.287698     -0.348143     1
0.610814     0.565554     1
0.380888     0.831861     2
-0.257030     0.969671     2
0.701187     1.100812     2
-0.252614     0.003597     0
-0.193500     -0.238392     0
-0.471862     0.190860     1
-0.104182     -0.018655     0
1.025447     -0.019387     2
0.105816     0.166161     0
-0.817901     -0.667858     2
0.458983     -0.196617     1
-0.235417     0.031059     0
1.019595     -0.507827     2
1.208109     -0.496123     2
-0.119094     0.514969     1
1.044137     -0.422413     2
-0.162970     0.169216     0
-0.317994     0.595504     1
-0.066199     -0.044169     0
0.753964     0.742527     2
-0.026046     1.142211     2
0.026219     -0.081452     0
0.715235     0.728258     2
0.197125     0.630073     1
0.787990     -0.659451     2
-0.083765     0.061861     0
-0.141548     -0.696992     1
-0.433498     -0.816498     2
-0.993773     -0.035231     2
-1.022104     0.216992     2
0.831198     -0.325770     2
-0.309212     0.068252     1
-1.662861     0.566446     2
-1.100958     0.741183     2
-0.524196     0.152215     1
-1.234801     0.135083     2
0.066743     0.829172     2
0.269602     0.098623     0
0.835516     0.985311     2
-0.786044     0.079130     1
-1.005248     0.258047     2
-0.074476     1.287669     2
-0.098894     0.060792     0
0.944682     0.787343     2
-0.181589     0.107848     0
0.468931     -0.132190     1
0.168143     -1.167821     2
0.537853     -0.728632     2
1.091808     0.396904     2
0.356861     0.105148     1
0.549269     -1.220491     2
0.709914     -0.050727     1
-0.502343     0.690695     1
-0.712930     0.467415     2
-0.468241     -0.474017     1
0.505737     0.895304     2
-0.415026     -0.223485     1
0.646696     -0.290415     1
-0.902385     -0.461967     2
-0.289600     -0.841517     1
0.404398     -1.081455     2
-0.150973     0.564535     1
-0.817450     -0.836019     2
-0.105661     -0.210673     0
-0.510412     0.532822     1
0.926821     0.127910     2
-0.658048     -0.362630     2
-0.382222     -1.157489     2
-0.002270     0.004637     0
0.172248     0.768644     1
0.181279     -0.079815     0
0.227651     -0.380482     1
-0.077592     -0.469257     1
0.889705     -0.005955     2
0.349595     -0.353211     1
-0.523580     -0.742003     2
0.199160     0.021528     0
0.855927     -0.344686     2
-0.537897     0.820805     2
-0.179226     -0.071429     0
0.404241     -0.236043     1
-0.823557     0.821060     2
-0.043051     -0.158492     0
-0.018045     0.071338     0
0.220193     0.141067     0
-0.575851     0.170822     1
0.161950     0.101208     0
0.789614     -0.637035     2
-0.919214     -0.030818     2
-1.139128     0.396797     2
-0.110080     0.055612     0
0.227801     0.301052     1
0.358214     0.445146     1
-0.769604     -0.813668     2
0.631576     -0.808180     2
0.445145     -0.454716     1
0.808798     0.653947     2
-0.009365     0.025407     0
0.223833     -0.375083     1
-0.598785     -0.537604     2
0.910313     0.288865     2
-0.278689     -1.106776     2
0.939604     0.239504     2
-1.030516     -0.041361     2
-1.034616     -0.762371     2
-0.031767     -0.236389     1
-0.283945     1.024688     2
-1.285953     -0.080669     2
-0.128355     -0.100649     0
-0.285707     0.682560     1
-0.120333     -0.004821     0
-0.176629     -0.540848     1
-0.317029     -0.662777     1
0.424732     0.189518     1
-0.938797     -0.672524     2
-0.660326     0.137706     1
0.675026     -0.671677     2
0.302262     -0.992686     2
-1.053355     0.035874     2
-0.100704     -0.153099     0
0.232770     -0.091116     0
0.096871     0.821218     1
-0.509033     -0.151538     1
-0.526681     -0.622812     2
0.391674     0.526713     1
0.536178     -0.129048     1
0.670894     -0.351521     1
0.295672     0.120222     0
-0.189505     -0.170157     0
0.493075     0.340940     1
0.980425     0.324669     2
-0.494979     -0.904285     2
0.144308     -0.073666     0
-0.070824     0.014929     0
0.651763     -0.243157     1
0.351258     -0.463206     1
0.979691     -0.139819     2
-0.338366     0.656190     1
0.415086     -0.543971     1
0.819182     0.933606     2
0.052152     -0.769313     2
-0.081005     -0.452063     1
0.127020     0.748619     1
0.751769     -0.908542     2
-0.000362     0.078687     0
-0.024734     0.673656     1
0.938351     -0.054809     2
-0.835638     0.763428     2
0.327675     -0.299793     1
0.511228     0.913112     2
1.197454     -0.418305     2
0.070146     -0.073037     0
0.301761     -0.457830     1
-0.542759     -0.703987     2
-1.152212     0.048253     2
1.053613     -0.320176     2
-0.543399     -0.834250     2
-0.764820     1.155212     2
0.426574     0.728938     2
0.477417     -0.240901     1
1.088940     0.237976     2
-1.104674     0.269498     2
0.151471     0.777471     2
0.361648     -0.933046     2
-0.656541     -0.316067     2
0.129832     -0.310003     1
-0.510296     0.223288     1
0.983578     0.735434     2
-0.106321     0.501123     1
-0.333917     0.249975     1
1.078044     0.568505     2
0.099509     0.292200     0
0.683393     -0.065876     1
0.081916     -0.061947     0
-0.892221     0.128036     2
-0.021410     -1.309980     2
0.757819     -0.135247     1
0.121652     -1.257039     2
0.498036     -0.947449     2
0.908701     -0.474543     2
1.196503     -0.348749     2
-0.127317     0.201733     0
-0.039929     0.004876     0
-0.079525     0.012852     0
-0.975403     0.194736     2
-0.628933     -0.819141     2
-1.015828     0.766215     2
-0.088550     0.152146     0
-0.553478     -0.115251     1
-0.776588     -0.550752     2
-0.150110     -0.742523     2
-0.045759     0.149503     0
1.198488     -0.124862     2
-1.273836     -0.455014     2
-0.617914     -0.847691     2
0.562977     -0.997200     2
-1.050967     -0.423434     2
0.178211     0.496796     1
-0.557656     0.485041     2
-0.064699     0.202434     0
-0.093503     0.118752     0
-0.537903     0.405190     1
0.170974     -1.145557     2
-0.665997     0.233876     1
-0.004424     -0.046878     0
0.016492     -0.203661     0
0.846905     0.871000     2
-0.015474     -0.010324     0
0.396366     -0.633244     1
0.236274     0.194712     1
0.276474     0.128263     0
-0.697193     -0.818897     2
1.205310     -0.142767     2
-0.085072     0.412884     1
0.210848     -0.592759     1
-1.065733     -0.652881     2
0.027563     -0.844711     2
0.926444     0.041488     2
-0.498036     -1.024000     2
0.026156     0.001945     0
1.139183     0.301679     2
0.042205     1.074319     2
0.533755     1.034807     2
0.886647     0.849357     2
-0.371069     0.345262     1
-0.370051     -0.406716     1
-0.044367     0.563235     1
-0.019703     0.434335     0
0.333200     -1.011595     2
-0.061501     0.142498     0
-0.240949     -0.458641     1
-0.039965     -0.123668     0
0.149475     0.651975     1
0.005563     0.910625     2
-1.219338     0.593234     2
-0.396458     0.353773     1
-0.174340     -0.851237     2
-0.639476     0.362428     1
0.628674     -0.880416     2
-0.561547     0.882249     1
-1.149812     0.454137     2
-0.188300     -0.493562     1
-0.166262     0.116762     0
-0.084942     1.398279     2
0.093811     -1.104377     2
0.728386     -1.167274     2
-0.150656     -0.860208     2
-0.465963     0.154018     1
-0.841660     -0.184537     1
0.083259     -0.594580     1
-0.035059     0.281995     0
-0.260460     0.968702     2
-0.362201     1.357317     2
0.055180     -0.031583     0
0.248147     -0.265318     1
-0.554587     0.292029     1
0.735033     -0.645100     2
0.495505     0.593438     1
-0.658165     0.745256     2
0.545186     -0.125783     1
-0.119695     0.154236     0
1.118966     0.561405     2
1.079108     0.037842     2
-0.071097     0.386907     1
0.722083     0.426729     2
-0.556516     -0.144662     1
-0.530718     0.672849     2
0.179226     0.374954     1
0.102288     0.073689     0
0.874503     -0.131553     1
1.361369     0.014299     2
0.171394     1.175386     2
-0.505518     0.037370     1
0.523734     0.134374     1
-0.607431     -0.003883     1
-0.539734     0.052297     1
0.349000     -1.111954     2
0.211305     -0.032037     0
-0.535397     0.626415     2
-0.497468     0.803135     2
0.984984     -0.648455     2
-0.747421     0.330551     1
-0.137094     -0.069277     0
-0.404733     -0.537883     1
-0.389295     -0.962260     2
1.037331     -0.753593     2
-0.460481     -0.645232     1
0.265122     -0.003552     0
-1.130736     0.076366     2
-0.371472     0.564009     1
-0.013284     -1.116056     2
-0.872805     -0.192568     2
0.174163     0.586089     1
0.011185     -0.032145     0
-1.095773     -0.107556     2
0.050213     0.124373     0
0.956468     -0.118648     2
-0.538533     -0.784568     2
-0.166909     -0.134254     0
-0.208191     -1.300186     2
1.082893     0.706941     2
-0.017265     0.025865     0
0.200106     0.686645     1
-0.069617     0.920279     2
-0.274045     -0.356595     1
-0.131864     -0.074502     0
0.605307     0.404659     1
1.007339     -0.199397     2
0.529037     0.744845     2
1.127917     -0.163566     2
-0.405244     -0.123996     1
-0.981061     0.385037     2
-0.483062     -0.165216     1
0.333989     -0.292340     1
-0.286848     0.215069     1
-0.219788     -0.108527     1
-0.264187     0.669718     1
-0.079839     -0.709043     1
0.840414     0.286810     2
-0.196735     -1.171108     2
0.908768     -0.410846     2
0.820718     -0.161932     2
-0.113402     0.195060     0
-0.468220     0.105778     2
-0.655232     0.939528     2
-0.056115     0.017063     0
-0.527733     -1.004000     2
-0.465685     -0.882700     2
1.203473     -0.247851     2
-0.017635     0.429574     1
-0.168164     0.091906     0
-0.259287     0.028133     0
0.480062     0.665814     2
0.260305     0.084315     0
0.495722     -0.345104     1
-0.312814     0.115420     0
-0.641884     0.006430     1
-0.649321     1.009382     2
-0.937002     -0.342207     2
-0.009440     0.343330     0
0.465733     -0.701259     1
-0.781584     0.829656     2
0.200591     0.624378     1
0.905307     -0.643845     2
0.796567     -0.394593     1
0.660518     -0.988884     2
-0.907768     0.216914     2
0.059167     -1.065069     2
1.163610     -0.641574     2
-0.652660     -0.410721     1
0.982120     -0.035912     2
0.361044     -0.421191     1
-0.525140     0.866844     2
-0.511964     -0.604255     1
-1.110189     -0.227342     2
-1.272033     -0.286588     2
-0.762897     -0.611592     2
1.141970     -0.317280     2
-0.584946     1.165275     2
-0.077482     0.917212     2
0.582563     0.209008     1
-0.440725     0.287924     1
0.865241     -0.148799     1
0.375167     0.458734     1
-0.566465     0.277577     1
-0.443466     -0.666348     1
0.301943     -0.331046     1
-0.351680     1.167086     2
0.288025     0.461288     1
0.654420     0.129876     1
0.399851     -0.471465     1
0.069687     -1.055429     2
0.848086     -0.159625     2
-0.078817     0.102545     0
-0.274215     0.882274     2
0.259122     -1.000059     2
-1.073731     0.075368     2
-0.836895     -0.403917     2
-0.298750     0.248998     1
-1.066553     0.503241     2
0.660382     1.011629     2
0.220909     -0.823890     1
0.021416     -0.000449     0
-0.240947     -0.217535     0
-0.022061     0.026511     0
0.005652     -0.042991     0
-0.192435     0.021855     0
-0.698168     0.046358     1
-0.536701     0.162222     1
-0.695873     -0.127511     1
0.767881     -0.248145     2
0.320977     0.069288     1
-0.005215     -0.539034     1
-0.342364     -0.901985     2
0.522441     0.185660     1
0.158676     1.270723     2
0.043797     -0.043054     0
0.584009     0.015405     1
0.055699     -0.057221     0
-0.110594     1.052803     2
-1.178072     0.289096     2
0.293134     -0.211175     0
-1.449999     -0.333928     2
0.557384     0.137211     1
1.263584     -0.150312     2
-0.327617     1.114512     2
0.613356     0.097492     1
-0.070560     0.668255     1
0.848340     -0.825796     2
-0.408121     0.790216     1
1.009197     -0.162575     2
0.078964     0.663513     1
0.047172     -0.128592     0
-1.070596     0.265515     2
0.627147     -1.155319     2
-0.020326     0.133667     0
0.123444     0.012512     0
-0.368814     -0.343650     1
1.141728     -0.512467     2
-0.481583     0.346893     1
0.340310     -0.258853     1
0.536297     0.534485     1
-0.666878     -0.067724     1
-0.137384     0.343543     1
1.003831     -0.576768     2
0.034575     -0.109028     0
0.165957     -0.021510     0
-0.019346     -0.900636     1
0.959413     -0.015858     2
0.196684     0.012845     0
-0.038495     0.052683     0
0.574947     -0.314881     1
-0.479645     0.654978     2
0.495677     0.742613     2
-0.361312     0.067706     1
0.864466     -0.664725     2
-0.146391     -0.060909     0
-0.967812     -0.289716     1
-1.265457     -0.318882     2
-0.793338     0.438493     1
-0.410419     0.843810     2
0.421274     0.102856     1
0.558704     -0.426647     1
0.050987     -0.004467     0
-1.068171     -0.113297     2
-0.157849     0.088773     0
0.443726     1.041581     2
0.479419     -0.237512     1
0.260253     0.244167     1
-0.007466     0.030927     0
-0.546122     -0.914591     2
0.115458     -0.215268     0
-0.247530     -0.606191     1
-0.150990     0.474710     1
-0.812606     -0.226223     1
-0.430527     -0.199089     1
-0.372894     0.380192     1
-0.237194     -0.430612     1
-0.060487     0.507984     1
-0.633876     0.343729     1
0.379068     0.094888     1
-1.191940     -0.058202     2
0.989711     -0.449917     2
0.232897     -0.471235     1
0.501720     -0.165733     1
-0.125281     -0.819720     2
-0.121020     -0.183281     0
-0.279754     -0.126118     0
-0.194857     0.148185     0
0.328612     -0.093638     1
1.098876     -0.026011     2
-0.451278     -0.268654     1
0.108680     -0.590821     1
0.995583     0.837852     2
-0.254090     -1.091683     2
1.079653     -0.222261     2
0.040474     -0.068792     0
-1.034155     0.143234     2
-0.113494     -0.117188     0
0.183707     0.020564     0
-0.524725     -0.352329     1
-0.143075     -1.024358     2
-0.795415     -0.041865     2
0.235684     0.495874     1
-0.413252     0.640670     1
-0.642795     -0.151189     1
0.029128     -0.055009     0
-0.096741     -1.152295     2
0.290150     0.127358     1
-0.847779     0.610712     2
-0.848295     0.557765     2
0.002251     0.574741     1
-0.079594     -0.593867     1
-0.761077     -0.643032     2
-0.123577     -0.454477     1
1.198094     0.004442     2
-0.612958     0.167791     1
-0.211647     -0.940786     2
-0.069314     -0.808503     2
-0.995753     -0.022400     2
-0.626111     0.082136     1
-1.145345     0.038850     2
-0.965507     -0.575107     2
0.093936     -0.156371     0
0.666896     -0.690339     2
-0.429008     -1.252531     2
1.032606     0.169760     2
-0.971387     -0.577990     2
0.109606     0.505416     1
0.350070     -0.322478     1
0.214535     0.337815     1
0.619683     0.213787     1
-0.280131     -0.997045     2
-0.018055     -0.029874     0
0.948469     -0.058747     2
-1.078325     -0.143217     2
0.164113     -0.595861     1
-0.532747     -0.932871     2
0.663799     0.904192     2
0.080035     0.146439     0
-0.575672     -0.108079     1
-0.052557     -0.041790     0
0.094918     -0.111836     0
-0.303134     0.510666     1
0.012921     0.014051     0
1.126549     -0.479610     2
-1.196444     -0.936023     2
0.823013     0.878848     2
-0.779891     0.773550     2
0.253720     0.934314     2
-0.570042     -0.110890     1
0.643042     -0.037506     1
0.047710     -0.858252     2
-0.549362     -0.105427     1
-0.919828     0.125851     2
0.566134     0.327216     1
0.419331     -0.843913     2
0.074921     -0.408083     1
-1.020515     0.002803     2
0.110444     -0.025337     0
-1.087379     -0.901326     2
-0.017406     0.001828     0
0.812868     -0.843306     2
-0.717157     0.665270     2
-0.510729     0.372892     1
-0.880788     -0.486063     2
-0.526055     0.545485     1
0.648142     0.939885     2
0.367678     0.317605     1
-0.486370     0.492654     1
0.254806     0.011289     0
-0.227583     0.319190     0
0.651899     0.330331     1
0.159121     -0.107511     0
0.225104     -0.042535     0
-0.405117     -1.315041     2
0.886291     -0.271241     2
-0.243480     -0.363531     1
0.562272     -0.795201     2
0.560197     0.175755     1
-0.039463     -0.038574     0
0.709540     0.244115     1
0.782708     -0.146702     2
-0.854666     0.480330     2
0.107540     0.695811     1
0.692636     -0.108396     1
0.041825     0.014288     0
-0.494012     0.586828     2
1.006150     -0.423943     2
-0.019314     0.593643     1
0.203440     -0.058653     0
-0.051127     -0.741993     1
-0.519290     0.288625     1
-0.029820     0.298808     0
-0.805332     0.683527     2
-0.070539     -0.642862     1
0.524613     1.113244     2
-0.221184     0.806785     2
-0.015880     0.158589     0
-0.470897     0.810174     2
0.199203     0.900089     2
0.324300     0.074464     0
-0.460929     0.692682     2
-0.412438     1.208125     2
-0.137325     0.196803     0
0.471461     -0.221349     1
-0.047870     -0.057843     0
-1.106109     -0.220154     2
-0.201161     -1.169491     2
0.481516     -0.926669     2
0.658515     0.968095     2
0.147770     -0.006864     0
0.139173     -0.555483     1
-0.382908     -0.869163     2
-1.024847     0.045200     2
-0.862604     0.566030     2
0.063312     -1.113826     2
-0.761222     -0.918983     2
-1.023246     -0.310691     2
0.061264     0.260529     0
0.496227     -0.527314     2
-0.311856     0.924927     2
-0.078103     0.408230     1
-1.125075     0.216692     2
0.961528     -0.101574     2
-0.264055     0.283348     1
-0.000606     0.001957     0
0.665439     0.495732     2
-0.536850     -0.365129     1
0.653901     -0.791984     2
0.381720     -0.624361     1
1.020109     0.254936     2
0.676231     -0.931939     2
-0.685693     -0.527133     2
0.893088     0.819911     2
-1.084826     -0.463246     2
-0.237469     -0.098213     0
-0.614745     0.210077     1
0.443783     -1.007847     2
1.094665     -0.675283     2
-0.085492     -0.231608     0
0.061552     -0.227237     1
-0.567678     -0.158946     1
-0.020601     -0.300566     1
1.104275     0.068633     2
-0.269783     -0.757851     2
0.225491     1.099431     2
0.577876     0.456440     1
-0.447160     -0.478904     1
-0.440742     0.995041     2
0.925707     -0.025480     2
0.099540     -0.643830     1
0.083820     0.793103     1
0.934698     0.899590     2
-0.905783     0.579307     2
