0.000000	0.000000	0
-0.000047	0.003012	0
0.000922	0.005953	0
0.003020	0.008517	0
0.000016	0.012048	0
0.000202	0.015059	0
0.006840	0.016728	0
0.004967	0.020491	0
0.000060	0.024096	0
0.005835	0.026473	0
0.000837	0.030109	0
0.001305	0.033107	0
0.006932	0.035474	0
-0.008775	0.038161	0
-0.007396	0.041515	0
0.003082	0.045075	0
-0.000472	0.048190	0
0.013543	0.049381	0
0.001911	0.054183	0
-0.003063	0.057147	0
0.030666	0.051851	0
0.013053	0.061892	0
0.018221	0.063711	0
-0.000543	0.069275	0
0.012962	0.071118	0
0.023929	0.071398	0
0.006497	0.078043	0
0.031703	0.074892	0
0.018176	0.082355	0
0.025066	0.083676	0
0.021576	0.087748	0
0.063232	0.068704	0
0.036006	0.089408	0
0.018386	0.097682	0
0.055621	0.085989	0
0.018616	0.103765	0
0.049640	0.096404	0
0.005998	0.111284	0
0.021863	0.112350	0
0.057269	0.102564	0
0.070944	0.097380	0
0.062244	0.106661	0
0.058742	0.112041	0
0.057250	0.116178	0
0.030783	0.128905	0
0.052558	0.124937	0
0.061770	0.124023	0
0.099328	0.100871	0
0.087155	0.115355	0
0.034760	0.143439	0
0.093194	0.118304	0
0.078641	0.131958	0
0.073867	0.138114	0
0.110081	0.115614	0
0.122924	0.106513	0
0.124339	0.109471	0
0.081880	0.147468	0
0.100440	0.139241	0
0.120991	0.126019	0
0.139861	0.109636	0
0.106042	0.146342	0
0.118057	0.140787	0
0.093716	0.161529	0
0.094254	0.164696	0
0.154942	0.114690	0
0.170252	0.096671	0
0.139919	0.141217	0
0.170675	0.107686	0
0.159366	0.128660	0
0.134254	0.158650	0
0.167190	0.128461	0
0.196321	0.084807	0
0.164395	0.141442	0
0.204329	0.081221	0
0.080106	0.207999	0
0.197945	0.108859	0
0.183923	0.136289	0
0.176956	0.149923	0
0.192206	0.135106	0
0.125244	0.202324	0
0.191700	0.145996	0
0.211305	0.121961	0
0.236867	0.069979	0
0.195263	0.156117	0
0.190141	0.166917	0
0.204273	0.154341	0
0.243192	0.089205	0
0.235174	0.115596	0
0.216263	0.153255	0
0.247342	0.103368	0
0.242052	0.122055	0
0.263370	0.075928	0
0.228273	0.157101	0
0.243670	0.138175	0
0.246172	0.139868	0
0.215329	0.188447	0
0.271132	0.100493	0
0.274464	0.100159	0
0.273122	0.111965	0
0.271672	0.122936	0
0.239957	0.182057	0
0.275492	0.129043	0
0.281714	0.122584	0
0.273694	0.146086	0
0.294257	0.107426	0
0.308299	0.070538	0
0.318163	-0.026644	0
0.312529	0.078712	0
0.317596	0.070381	0
0.316205	0.088341	0
0.267866	0.194998	0
0.324854	0.079067	0
0.329984	0.070110	0
0.326794	-0.095139	0
0.333874	0.080211	0
0.343685	0.043167	0
0.343743	0.062603	0
0.325287	0.135575	0
0.354300	-0.028210	0
0.358402	-0.004776	0
0.361247	-0.011995	0
0.348731	0.105907	0
0.361556	-0.065659	0
0.345512	0.133709	0
0.373187	-0.015141	0
0.350573	-0.137315	0
0.367642	0.094200	0
0.378007	0.058653	0
0.385528	0.003353	0
0.385885	0.045463	0
0.372341	0.121189	0
0.394489	-0.008376	0
0.390216	0.076219	0
0.397410	-0.050474	0
0.399653	0.056411	0
0.379738	-0.145410	0
0.408021	0.036366	0
0.412602	-0.006352	0
0.402268	-0.104671	0
0.414445	0.059364	0
0.416203	-0.067783	0
0.392900	-0.161241	0
0.420689	0.077183	0
0.423051	-0.080932	0
0.423645	-0.093011	0
0.412818	-0.142581	0
0.438990	0.025997	0
0.441870	0.028231	0
0.423610	-0.138842	0
0.430845	-0.125657	0
0.433387	-0.127693	0
0.432048	-0.142108	0
0.454286	-0.056864	0
0.437590	-0.144541	0
0.436798	-0.156106	0
0.461356	-0.071523	0
0.364810	-0.296142	0
0.432648	-0.190897	0
0.473778	-0.044933	0
0.425638	-0.219528	0
0.475619	-0.077721	0
0.419294	-0.243637	0
0.399184	-0.280623	0
0.478155	-0.111414	0
0.408313	-0.278015	0
0.436217	-0.238143	0
0.414462	-0.279681	0
0.342941	-0.367985	0
0.465243	-0.199021	0
0.484053	-0.157515	0
0.489255	-0.151073	0
0.487886	-0.165089	0
0.458066	-0.242021	0
0.435361	-0.286338	0
0.438121	-0.287624	0
0.402109	-0.340810	0
0.451306	-0.278120	0
0.350880	-0.401390	0
0.465050	-0.266795	0
0.230103	-0.487589	0
0.406527	-0.358724	0
0.493602	-0.231471	0
0.503239	-0.217406	0
0.410553	-0.367794	0
0.456983	-0.313565	0
0.387857	-0.400088	0
0.404220	-0.387913	0
0.442311	-0.348734	0
0.490030	-0.283773	0
0.523595	-0.223438	0
0.462743	-0.336725	0
0.356852	-0.451252	0
0.408979	-0.408879	0
0.508661	-0.281431	0
0.406613	-0.419662	0
0.385135	-0.443453	0
0.482573	-0.340073	0
0.398944	-0.439245	0
0.404073	-0.438635	0
0.495313	-0.337554	0
0.369536	-0.475752	0
0.345708	-0.497012	0
0.287014	-0.536483	0
0.285088	-0.540917	0
0.503110	-0.352759	0
0.467654	-0.403198	0
0.327833	-0.526805	0
0.323156	-0.533212	0
0.318102	-0.539742	0
-0.092222	-0.622726	0
0.301748	-0.555916	0
0.231190	-0.592001	0
0.246649	-0.588996	0
0.276196	-0.579071	0
0.377838	-0.522226	0
0.251848	-0.596612	0
0.416010	-0.500219	0
0.355183	-0.548686	0
0.377321	-0.537389	0
0.308499	-0.583053	0
0.018591	-0.662390	0
0.501150	-0.438127	0
0.216453	-0.632672	0
0.471135	-0.478743	0
0.345256	-0.579670	0
0.143236	-0.662401	0
0.268746	-0.625427	0
0.398498	-0.555601	0
0.351705	-0.589852	0
0.168401	-0.668886	0
0.342167	-0.602373	0
0.215676	-0.661512	0
0.231258	-0.659420	0
0.314508	-0.627390	0
-0.074903	-0.700828	0
0.129148	-0.695950	0
0.459701	-0.542193	0
0.175836	-0.691861	0
0.283434	-0.658456	0
0.065840	-0.716862	0
0.287177	-0.663402	0
0.187265	-0.701333	0
0.090829	-0.723235	0
0.029804	-0.731321	0
0.314298	-0.664344	0
0.187348	-0.713774	0
0.199585	-0.713578	0
0.217268	-0.711544	0
-0.148001	-0.732179	0
0.045419	-0.748623	0
0.280511	-0.698814	0
-0.049919	-0.754374	0
-0.238035	-0.720746	0
-0.085999	-0.757180	0
0.287485	-0.708992	0
0.127029	-0.757495	0
-0.150263	-0.756302	0
0.143717	-0.760638	0
-0.043189	-0.775907	0
-0.104081	-0.773146	0
0.151321	-0.768374	0
0.007012	-0.786113	0
0.466978	-0.636160	0
0.140103	-0.779681	0
0.009052	-0.795129	0
0.157308	-0.782538	0
-0.304393	-0.741130	0
0.168240	-0.786422	0
0.000554	-0.807229	0
-0.101434	-0.803867	0
-0.316451	-0.749159	0
0.133030	-0.805352	0
-0.294849	-0.764382	0
-0.122565	-0.813104	0
0.030273	-0.824746	0
-0.216208	-0.799598	0
-0.184275	-0.810645	0
-0.063110	-0.831947	0
-0.184177	-0.816843	0
-0.119588	-0.831809	0
-0.212415	-0.816186	0
-0.311091	-0.787141	0
-0.460649	-0.713638	0
-0.017459	-0.852231	0
-0.555449	-0.650555	0
0.084227	-0.854292	0
-0.232956	-0.829349	0
-0.363431	-0.784350	0
-0.325372	-0.804137	0
-0.186391	-0.850292	0
-0.267098	-0.831655	0
-0.230268	-0.845718	0
-0.224923	-0.850272	0
-0.467627	-0.748455	0
-0.402612	-0.788726	0
-0.240465	-0.855398	0
-0.506790	-0.733522	0
-0.427455	-0.785845	0
-0.515187	-0.735018	0
-0.498620	-0.749975	0
-0.273130	-0.861347	0
-0.330281	-0.844326	0
-0.547905	-0.726115	0
-0.538482	-0.736864	0
-0.452491	-0.796046	0
-0.485316	-0.780020	0
-0.661619	-0.641691	0
-0.392935	-0.837060	0
-0.582378	-0.722138	0
-0.479205	-0.797877	0
-0.487901	-0.796124	0
-0.688181	-0.635533	0
-0.662599	-0.666415	0
-0.671155	-0.662094	0
-0.742404	-0.585954	0
-0.580064	-0.750825	0
-0.684127	-0.661745	0
-0.551383	-0.779523	0
-0.656088	-0.697846	0
-0.600993	-0.749685	0
-0.645081	-0.716162	0
-0.723130	-0.641806	0
-0.526869	-0.814294	0
-0.895201	-0.380962	0
-0.519063	-0.826415	0
-0.495915	-0.844005	0
-0.835545	-0.515797	0
-0.804872	-0.567704	0
-0.794928	-0.586633	0
-0.804872	-0.578093	0
-0.734734	-0.669444	0
-0.616697	-0.783371	0
-0.766625	-0.642095	0
-0.000000	-0.000000	1
-0.002636	-0.001458	1
-0.004538	-0.003962	1
-0.006022	-0.006737	1
-0.008990	-0.008021	1
-0.012683	-0.008121	1
-0.013188	-0.012356	1
-0.014803	-0.015014	1
-0.020322	-0.012948	1
-0.023040	-0.014284	1
-0.023167	-0.019249	1
-0.025886	-0.020680	1
-0.031342	-0.018003	1
-0.025978	-0.029298	1
-0.028607	-0.030981	1
-0.035263	-0.028246	1
-0.040772	-0.025693	1
-0.046209	-0.022059	1
-0.053131	-0.010795	1
-0.054467	-0.017564	1
-0.052768	-0.029061	1
-0.056588	-0.028261	1
-0.052839	-0.039988	1
-0.062709	-0.029444	1
-0.064088	-0.033443	1
-0.070822	-0.025583	1
-0.066160	-0.041903	1
-0.078085	-0.022726	1
-0.084140	-0.005772	1
-0.080964	-0.032784	1
-0.087073	-0.024155	1
-0.091496	-0.018630	1
-0.088509	-0.038163	1
-0.095797	-0.026511	1
-0.097829	-0.030287	1
-0.101569	-0.028238	1
-0.098415	-0.045524	1
-0.107651	-0.028834	1
-0.113086	-0.017665	1
-0.117336	0.005603	1
-0.120392	-0.004650	1
-0.120723	0.026012	1
-0.118404	-0.044545	1
-0.129493	-0.002571	1
-0.131128	-0.019228	1
-0.130713	0.035858	1
-0.131528	-0.043562	1
-0.134641	-0.043734	1
-0.139941	-0.036323	1
-0.126070	-0.076741	1
-0.147131	-0.032150	1
-0.148848	-0.037969	1
-0.156383	-0.008736	1
-0.159636	-0.000875	1
-0.154726	0.050152	1
-0.164034	0.023174	1
-0.166702	-0.025718	1
-0.168080	-0.035004	1
-0.174071	0.014795	1
-0.171480	-0.046646	1
-0.168045	0.066495	1
-0.177633	0.046957	1
-0.186419	-0.011056	1
-0.181508	-0.055348	1
-0.182403	0.062369	1
-0.195559	0.009362	1
-0.188046	0.064485	1
-0.196763	-0.044837	1
-0.204802	-0.002660	1
-0.206337	0.024877	1
-0.208769	0.029501	1
-0.213555	0.011333	1
-0.208443	0.059860	1
-0.219643	-0.010198	1
-0.220365	0.033463	1
-0.220689	0.048259	1
-0.218271	0.068995	1
-0.217252	0.081191	1
-0.234939	0.000574	1
-0.237411	-0.016027	1
-0.210652	0.117002	1
-0.230813	0.079053	1
-0.245034	0.031005	1
-0.206638	0.140715	1
-0.239945	0.080260	1
-0.218592	0.133289	1
-0.244443	0.085716	1
-0.192103	0.178229	1
-0.202914	0.170537	1
-0.255285	0.081805	1
-0.228771	0.145432	1
-0.238804	0.134542	1
-0.217243	0.172031	1
-0.273665	0.059793	1
-0.240283	0.149760	1
-0.228852	0.171772	1
-0.287921	0.026706	1
-0.285150	0.063656	1
-0.294641	0.017844	1
-0.271480	0.123359	1
-0.242324	0.178895	1
-0.210867	0.219278	1
-0.264870	0.155671	1
-0.203750	0.233956	1
-0.302351	0.081924	1
-0.309185	0.066545	1
-0.271587	0.167864	1
-0.255869	0.195962	1
-0.271696	0.178892	1
-0.322567	0.061159	1
-0.274370	0.185735	1
-0.312424	0.119050	1
-0.241965	0.235069	1
-0.255352	0.225037	1
-0.305653	0.156466	1
-0.291551	0.187031	1
-0.310979	0.159283	1
-0.272977	0.222882	1
-0.220843	0.278483	1
-0.310305	0.179404	1
-0.242808	0.267745	1
-0.292463	0.217474	1
-0.303511	0.207160	1
-0.271549	0.252028	1
-0.313527	0.202974	1
-0.292072	0.237594	1
-0.320311	0.203555	1
-0.134798	0.357993	1
-0.258243	0.286275	1
-0.296711	0.250873	1
-0.244421	0.305913	1
-0.262349	0.294729	1
-0.267214	0.294406	1
-0.212096	0.339850	1
-0.199576	0.350819	1
-0.280952	0.293958	1
-0.282148	0.296979	1
-0.261901	0.318886	1
-0.366777	0.195577	1
-0.330937	0.256456	1
-0.133874	0.399872	1
-0.107291	0.410923	1
-0.249263	0.347570	1
-0.185401	0.388778	1
-0.202593	0.383513	1
0.034719	0.435365	1
-0.130056	0.420087	1
-0.226765	0.380295	1
-0.284156	0.343479	1
-0.324838	0.309673	1
-0.190504	0.409680	1
-0.262478	0.371438	1
-0.307461	0.339231	1
-0.248347	0.388202	1
-0.278526	0.370925	1
-0.036512	0.465438	1
-0.105904	0.457789	1
-0.181193	0.436802	1
-0.039731	0.474242	1
-0.165141	0.449543	1
-0.242687	0.416362	1
-0.018812	0.484575	1
-0.108197	0.475805	1
-0.246833	0.424404	1
-0.167223	0.464810	1
-0.225237	0.443018	1
-0.265485	0.423695	1
-0.043156	0.501157	1
0.061981	0.502214	1
-0.255908	0.440033	1
-0.062518	0.508217	1
-0.178099	0.483289	1
-0.157214	0.493642	1
-0.162593	0.495068	1
-0.184428	0.490574	1
-0.086603	0.519945	1
-0.171227	0.501706	1
-0.051401	0.530649	1
-0.079407	0.530232	1
-0.093526	0.530983	1
-0.158161	0.518587	1
-0.117813	0.532299	1
0.033235	0.547184	1
0.012025	0.551074	1
-0.143458	0.535328	1
-0.019167	0.556899	1
0.060420	0.556973	1
-0.200555	0.526338	1
0.051204	0.563945	1
-0.078650	0.563818	1
0.068562	0.568167	1
-0.077220	0.570095	1
-0.187895	0.546938	1
-0.162547	0.558138	1
0.037244	0.583149	1
0.069238	0.583254	1
-0.060467	0.587257	1
0.128349	0.579326	1
-0.135932	0.580688	1
0.060549	0.596332	1
-0.069573	0.598379	1
0.004925	0.605402	1
0.096952	0.600660	1
-0.005799	0.611418	1
0.059958	0.611525	1
0.233585	0.571583	1
0.051666	0.618327	1
0.230067	0.579495	1
-0.001944	0.626503	1
0.210439	0.593303	1
0.322625	0.544066	1
-0.148195	0.618023	1
0.071148	0.634578	1
0.248948	0.591297	1
0.162292	0.623813	1
0.241049	0.601056	1
0.128252	0.637836	1
0.223257	0.614303	1
0.201676	0.624888	1
0.366408	0.548515	1
0.269174	0.605517	1
0.287732	0.600264	1
0.203436	0.636977	1
0.202369	0.640476	1
0.218056	0.638491	1
0.328800	0.592607	1
0.236938	0.638157	1
0.333610	0.596823	1
0.528813	0.438153	1
0.417474	0.549074	1
0.284188	0.631798	1
0.469256	0.513725	1
0.291549	0.635070	1
0.081519	0.697057	1
0.231373	0.665760	1
0.122529	0.697145	1
0.334469	0.627239	1
0.388770	0.598705	1
0.570155	0.434537	1
0.442347	0.567940	1
0.386779	0.610716	1
0.513759	0.512823	1
0.137841	0.715764	1
0.466829	0.563728	1
0.532686	0.506342	1
0.268852	0.687235	1
0.584730	0.455102	1
0.512766	0.539046	1
0.435065	0.607215	1
0.560167	0.498712	1
0.697097	0.284750	1
0.530235	0.538910	1
0.545874	0.527406	1
0.475092	0.595823	1
0.436449	0.628354	1
0.627064	0.443538	1
0.454240	0.623087	1
0.569929	0.523838	1
0.518066	0.579228	1
0.626799	0.464446	1
0.621196	0.476878	1
0.689191	0.378205	1
0.550174	0.565753	1
0.585375	0.533730	1
0.513354	0.607272	1
0.583991	0.544120	1
0.672930	0.434850	1
0.711202	0.375442	1
0.556876	0.584387	1
0.733378	0.344451	1
0.769413	0.263407	1
0.713886	0.395797	1
0.802699	0.163981	1
0.618428	0.541947	1
0.573981	0.593016	1
0.517173	0.647020	1
0.809534	0.189096	1
0.773024	0.313930	1
0.728450	0.412934	1
0.761552	0.355312	1
0.642003	0.546911	1
0.846204	-0.017528	1
0.771880	0.354511	1
0.777467	0.349496	1
0.820398	0.242266	1
0.813757	0.273328	1
0.805181	0.306222	1
0.735047	0.454966	1
0.831295	0.247896	1
0.870474	-0.003787	1
0.869886	0.079310	1
0.876129	0.025696	1
0.796436	0.373151	1
0.765094	0.439876	1
0.835740	0.292786	1
0.851802	0.252909	1
0.889452	0.061361	1
0.731100	0.515522	1
0.896788	-0.037948	1
0.864735	0.251632	1
0.856340	0.288446	1
0.824132	0.377861	1
0.777196	0.472661	1
0.911966	0.035352	1
0.901410	0.160928	1
0.832236	0.389033	1
0.839216	0.381080	1
0.901936	0.203911	1
0.910899	-0.175813	1
0.915180	0.169381	1
0.852708	0.380459	1
0.925351	0.145672	1
0.929278	0.139962	1
0.766053	0.549527	1
0.942628	0.077192	1
0.943571	0.099429	1
0.947739	-0.087906	1
0.901714	-0.313993	1
0.938230	-0.192785	1
0.958852	0.061822	1
0.940652	0.210215	1
0.835118	-0.487248	1
0.969202	-0.036246	1
0.972099	-0.039265	1
0.974924	-0.043713	1
0.973897	-0.098993	1
0.980940	-0.044032	1
0.984527	0.028515	1
0.987886	0.011407	1
0.985679	-0.102207	1
0.993889	-0.013157	1
0.996951	0.008573	1
0.986037	-0.166525	1
0.000000	-0.000000	2
0.002700	-0.001334	2
0.005638	0.002123	2
0.008321	-0.003523	2
0.010883	-0.005169	2
0.014734	0.003116	2
0.017870	-0.002697	2
0.020828	-0.003277	2
0.024078	0.000942	2
0.026976	-0.002676	2
0.030091	-0.001336	2
0.026791	-0.019493	2
0.032098	-0.016618	2
0.033239	-0.020698	2
0.037804	-0.018684	2
0.044951	-0.004552	2
0.046881	-0.011169	2
0.046136	-0.022213	2
0.053837	-0.006408	2
0.049734	-0.028313	2
0.056814	-0.020028	2
0.059961	-0.020141	2
0.056379	-0.034820	2
0.060394	-0.033939	2
0.067579	-0.025667	2
0.058595	-0.047296	2
0.076011	-0.018848	2
0.067372	-0.045550	2
0.069512	-0.047759	2
0.079269	-0.036692	2
0.075944	-0.048966	2
0.090008	-0.024842	2
0.072694	-0.063291	2
0.086912	-0.048231	2
0.092165	-0.044647	2
0.075130	-0.073954	2
0.098157	-0.046077	2
0.106130	-0.034009	2
0.109596	-0.033006	2
0.086977	-0.078957	2
0.112247	-0.043777	2
0.067661	-0.103309	2
0.123010	-0.029537	2
0.069610	-0.109222	2
0.099782	-0.087223	2
0.106338	-0.084047	2
0.115034	-0.077230	2
0.099428	-0.100772	2
0.108999	-0.094985	2
0.085004	-0.120654	2
0.107985	-0.104977	2
0.108062	-0.109179	2
0.119815	-0.100878	2
0.114252	-0.111494	2
0.106343	-0.123070	2
0.147951	-0.074529	2
0.143704	-0.088319	2
0.095431	-0.142721	2
0.111446	-0.134534	2
0.121230	-0.129940	2
0.116176	-0.138434	2
0.106805	-0.149504	2
0.132095	-0.132005	2
0.138923	-0.129263	2
0.111146	-0.157503	2
0.145438	-0.131068	2
0.103559	-0.169691	2
0.165095	-0.116060	2
0.079698	-0.188677	2
0.099445	-0.182495	2
0.106624	-0.181896	2
0.077895	-0.199165	2
0.048218	-0.211439	2
0.073821	-0.207117	2
0.174789	-0.138309	2
0.158404	-0.161061	2
0.135618	-0.184418	2
0.109529	-0.204435	2
0.087468	-0.218050	2
0.137894	-0.193924	2
0.099040	-0.219669	2
0.137749	-0.201369	2
0.131014	-0.209376	2
0.162220	-0.190223	2
0.142313	-0.209194	2
0.159192	-0.200515	2
0.142782	-0.216132	2
0.043263	-0.258452	2
0.139540	-0.225356	2
-0.046406	-0.264025	2
0.064905	-0.263200	2
0.078753	-0.262539	2
0.129929	-0.244760	2
0.045799	-0.276351	2
0.112177	-0.259962	2
0.072400	-0.276834	2
-0.069818	-0.280601	2
0.079426	-0.281165	2
0.004192	-0.295151	2
0.108565	-0.277727	2
0.067775	-0.293481	2
-0.044333	-0.300969	2
0.097010	-0.291511	2
-0.055138	-0.305302	2
0.009464	-0.313110	2
0.085032	-0.304620	2
0.006764	-0.319205	2
-0.018968	-0.321730	2
-0.000257	-0.325301	2
0.135541	-0.299029	2
0.080334	-0.321439	2
0.045639	-0.331208	2
0.030410	-0.335976	2
-0.020682	-0.339732	2
0.005406	-0.343331	2
0.104448	-0.330263	2
-0.017062	-0.348981	2
-0.037628	-0.350395	2
-0.038617	-0.353318	2
-0.080008	-0.349390	2
-0.067478	-0.355091	2
-0.045399	-0.361619	2
-0.011415	-0.367293	2
0.100618	-0.356557	2
-0.057705	-0.369009	2
-0.046113	-0.373672	2
-0.055817	-0.375391	2
0.057167	-0.378234	2
0.038038	-0.383661	2
-0.129603	-0.366302	2
-0.052148	-0.388078	2
-0.112768	-0.378121	2
-0.067754	-0.391775	2
-0.073131	-0.393871	2
-0.148710	-0.375220	2
-0.039996	-0.404655	2
-0.094585	-0.398569	2
-0.054872	-0.408986	2
-0.062516	-0.410935	2
-0.078284	-0.411291	2
-0.127191	-0.402047	2
-0.075310	-0.417968	2
-0.218880	-0.367462	2
-0.051217	-0.427667	2
-0.116856	-0.417697	2
-0.101381	-0.424817	2
-0.256821	-0.356974	2
-0.166540	-0.410257	2
-0.238575	-0.376569	2
-0.032863	-0.447590	2
-0.190749	-0.409566	2
-0.246363	-0.382316	2
-0.187941	-0.417478	2
-0.272133	-0.371914	2
-0.149074	-0.439248	2
-0.309443	-0.349586	2
-0.372271	-0.286707	2
-0.181632	-0.436619	2
-0.180817	-0.440215	2
-0.337343	-0.339941	2
-0.351980	-0.329187	2
-0.193483	-0.444669	2
-0.209158	-0.440851	2
-0.227901	-0.434864	2
-0.137574	-0.474432	2
-0.184086	-0.461638	2
-0.182854	-0.465365	2
-0.211386	-0.456439	2
-0.282533	-0.419804	2
-0.311378	-0.402693	2
-0.411541	-0.304675	2
-0.217422	-0.466921	2
-0.387288	-0.344103	2
-0.301393	-0.425078	2
-0.322042	-0.413480	2
-0.384896	-0.360136	2
-0.240632	-0.472360	2
-0.376543	-0.377420	2
-0.366668	-0.391160	2
-0.397984	-0.363729	2
-0.389581	-0.377059	2
-0.516851	-0.173456	2
-0.327574	-0.439557	2
-0.343948	-0.430728	2
-0.343057	-0.435279	2
-0.356003	-0.428680	2
-0.356056	-0.432544	2
-0.493010	-0.272387	2
-0.510772	-0.244475	2
-0.383091	-0.421091	2
-0.367762	-0.438481	2
-0.474789	-0.324880	2
-0.405905	-0.411931	2
-0.497502	-0.300716	2
-0.476379	-0.338397	2
-0.341973	-0.477529	2
-0.559527	-0.188299	2
-0.572985	-0.154210	2
-0.443380	-0.398861	2
-0.467757	-0.374807	2
-0.520140	-0.303895	2
-0.529264	-0.293965	2
-0.553012	-0.253710	2
-0.604784	-0.090013	2
-0.516271	-0.333200	2
-0.478042	-0.390826	2
-0.436939	-0.440548	2
-0.497188	-0.376229	2
-0.550955	-0.298258	2
-0.625097	-0.074480	2
-0.532877	-0.340788	2
-0.583211	-0.252545	2
-0.576464	-0.274664	2
-0.629822	-0.122193	2
-0.642077	0.056730	2
-0.564742	-0.316922	2
-0.573725	-0.306794	2
-0.643938	-0.112051	2
-0.638930	-0.151415	2
-0.659588	0.008127	2
-0.645474	-0.149899	2
-0.611869	-0.262150	2
-0.654979	-0.134643	2
-0.669141	-0.058421	2
-0.668769	-0.089258	2
-0.666360	-0.123514	2
-0.679524	-0.040376	2
-0.683490	-0.018305	2
-0.686481	0.019120	2
-0.685829	-0.073524	2
-0.669857	-0.176701	2
-0.684153	-0.126687	2
-0.698211	0.028579	2
-0.658841	-0.241790	2
-0.701116	-0.072161	2
-0.687050	-0.170258	2
-0.703234	-0.103733	2
-0.709096	0.082294	2
-0.713974	-0.064349	2
-0.715780	-0.076715	2
-0.672397	-0.265434	2
-0.724713	0.041565	2
-0.728034	0.035837	2
-0.683767	0.261116	2
-0.729883	-0.086063	2
-0.737952	0.000046	2
-0.740842	0.013454	2
-0.711660	0.216887	2
-0.746722	-0.019928	2
-0.748640	0.045145	2
-0.745848	0.103626	2
-0.754386	0.049744	2
-0.758136	-0.036963	2
-0.758865	0.069582	2
-0.735394	0.210982	2
-0.761731	-0.098493	2
-0.765960	0.088753	2
-0.773501	-0.030347	2
-0.729495	0.267833	2
-0.767554	-0.139457	2
-0.782884	0.019711	2
-0.766426	0.174970	2
-0.702095	0.360320	2
-0.782057	0.126168	2
-0.792998	0.058876	2
-0.670519	0.433032	2
-0.798619	-0.064314	2
-0.785101	-0.174301	2
-0.765908	0.254957	2
-0.801741	0.117057	2
-0.812103	0.043238	2
-0.748237	0.326237	2
-0.774993	0.265709	2
-0.808891	0.147834	2
-0.824287	0.040893	2
-0.730000	0.391411	2
-0.744997	0.368892	2
-0.791472	0.263991	2
-0.627781	0.554116	2
-0.830691	0.127123	2
-0.841139	0.061356	2
-0.819740	0.210700	2
-0.784676	0.325207	2
-0.762767	0.380511	2
-0.795075	0.315597	2
-0.749791	0.417997	2
-0.844291	0.171059	2
-0.631919	0.589886	2
-0.778115	0.383459	2
-0.660247	0.567286	2
-0.736831	0.469118	2
-0.722519	0.496214	2
-0.707317	0.522738	2
-0.716170	0.515713	2
-0.691272	0.553469	2
-0.603278	0.652368	2
-0.730773	0.510746	2
-0.669864	0.592918	2
-0.752351	0.489526	2
-0.563443	0.702579	2
-0.799992	0.420157	2
-0.496608	0.758520	2
-0.732352	0.539539	2
-0.851260	0.329069	2
-0.704627	0.584756	2
-0.786575	0.474618	2
-0.601831	0.698073	2
-0.777157	0.501094	2
-0.751778	0.543578	2
-0.874484	0.318626	2
-0.743950	0.564269	2
-0.903644	0.246823	2
-0.847555	0.405952	2
-0.565438	0.754385	2
-0.554202	0.766398	2
-0.601084	0.734105	2
-0.775617	0.551684	2
-0.655463	0.694296	2
-0.642853	0.710057	2
-0.784166	0.555250	2
-0.384440	0.883868	2
-0.483291	0.837414	2
-0.647538	0.722053	2
-0.603715	0.762919	2
-0.567891	0.793654	2
-0.853510	0.479371	2
-0.623590	0.758497	2
-0.680691	0.711875	2
-0.718882	0.677686	2
-0.606586	0.783622	2
-0.227504	0.967590	2
-0.433880	0.897626	2
-0.629264	0.777191	2
0.050000	-0.050000	0
