44.8194     92.8647
33.2855     80.9200
53.7388     109.3226
49.8412     110.4917
67.3965     135.1350
53.5778     120.5720
40.0412     90.3634
30.8461     69.5630
57.3613     125.2543
46.1888     98.8197
49.1120     98.8266
42.6964     90.6658
26.0015     56.3451
60.8989     119.6370
55.7958     119.3082
52.6625     110.8244
57.9684     116.1634
35.0503     80.0287
73.6265     144.4487
46.1762     99.2300
54.3172     113.8865
58.9541     124.8013
17.3017     35.7830
70.1045     143.1757
50.6748     111.9345
29.6091     73.7243
45.6637     100.6324
82.7570     164.0325
47.1338     99.4548
32.9125     66.3524
48.0212     98.2704
54.6245     111.9784
42.5556     85.8926
42.7648     84.7757
64.1729     127.5862
60.0044     116.4823
49.9295     104.2770
49.1715     97.0922
51.7562     109.2076
44.7994     92.7861
49.8785     101.1660
51.6382     106.8795
67.7211     134.8990
36.0022     80.6091
61.2804     124.3833
70.0735     140.3488
39.7172     84.2233
52.2318     105.9579
53.0217     111.7543
48.0536     99.7034
44.2607     85.4788
38.0032     82.1474
23.4554     55.7359
56.8898     120.7334
10.7297     40.3451
56.1166     125.9533
60.9787     122.4327
37.6048     85.7125
56.7540     120.1066
58.5808     113.1889
58.5944     112.4486
44.6658     86.9970
54.2038     112.8175
52.4298     106.6605
40.3089     92.6824
43.6813     91.9304
57.7915     124.5799
43.5175     95.8208
55.4077     123.3204
51.1366     97.8434
47.1890     103.7211
51.3751     105.9394
54.0940     113.7698
50.8683     109.0118
52.1989     106.3039
58.3062     115.6783
48.0331     107.5215
52.5832     111.5540
47.7344     105.4036
54.9880     119.9219
48.6584     113.5312
58.6734     122.1279
63.4115     126.1665
33.3647     76.0875
66.8783     140.2149
64.3129     128.9781
40.7456     85.4377
78.8410     148.7953
52.8914     111.1290
56.3769     116.2294
70.5221     140.4424
42.5317     94.4758
36.7721     81.5488
46.1338     100.3457
52.1564     120.7307
54.7823     118.3460
58.5154     121.0673
70.4512     142.2794
40.7386     86.5953
35.4927     79.5923
53.8416     108.0770
49.7341     104.9395
49.1699     96.5800
33.6514     79.8509
58.1006     126.9623
57.8889     116.6755
46.6061     94.6568
82.6371     159.2580
35.7914     81.8232
62.2851     129.6146
43.0872     96.4849
39.7474     78.1190
35.9687     85.4625
62.4032     126.4538
42.7288     96.2539
44.2102     102.3073
45.1752     94.8438
55.1679     116.4928
64.1647     128.9627
54.3105     111.6271
65.4708     139.1746
66.6910     134.1541
45.3793     100.4201
54.4916     115.8508
61.3310     131.0410
59.6433     130.8079
52.1833     111.7571
69.6845     144.6886
48.0986     108.7426
48.3742     104.4453
55.3362     110.5067
49.0612     109.8697
39.0617     86.4120
64.1851     137.1509
51.5649     96.4337
62.8759     134.5015
65.5465     135.7498
36.7912     81.5433
58.0937     123.7423
45.6788     102.2957
54.6156     116.8512
58.9835     124.8733
42.9811     88.9643
39.9009     82.1921
51.6194     101.1249
47.8380     106.6676
45.4354     95.6120
55.5445     113.0641
49.7284     104.9096
57.3244     121.4684
59.2035     117.0315
43.3645     93.3829
45.2809     102.6012
55.1842     111.9157
54.3337     122.0156
53.5045     115.1753
68.7623     137.1957
69.5318     142.5960
31.8499     72.3739
51.9645     109.0251
48.6934     101.6431
39.7050     86.1779
32.2903     73.9494
25.0438     57.3974
47.6810     99.4447
45.5183     101.5509
53.4986     110.8177
47.2931     109.0867
59.7181     125.7611
64.0274     129.0304
42.3270     90.7375
44.0223     91.7540
66.1735     135.8815
40.3780     87.5782
70.8098     142.1314
75.0616     154.0179
46.4638     96.3149
51.7936     107.0776
55.3223     111.9773
35.6680     78.9661
74.9848     149.5826
25.1120     60.4055
49.8968     108.3498
46.1805     102.7807
74.3744     153.8033
51.4978     103.2409
33.2021     77.0301
56.7337     117.0138
54.1343     112.3918
65.8968     128.6483
29.5556     75.8323
62.2532     121.8418
63.2979     127.7666
42.5108     93.4720
39.2522     86.0166
42.5483     88.7135
63.1719     132.1339
59.9870     129.3810
44.5392     93.4498
60.8502     125.2679
65.6750     126.4277
46.5392     98.2273
64.3949     132.8569
45.3336     97.1070
45.8874     92.8207
48.5478     98.8735
53.6796     111.2821
25.3787     60.0759
37.3880     83.6249
21.9331     55.9095
57.6489     118.0632
65.1923     128.1931
67.5193     140.0869
26.4550     66.1307
50.6340     106.5081
35.7873     81.0818
33.7755     78.1169
43.1165     103.8980
34.3861     80.7679
74.5389     149.2973
32.2029     67.8115
38.0565     80.1878
47.8252     100.6111
50.5464     104.8043
50.2060     104.2264
35.5836     80.0470
52.7705     108.7455
53.1513     114.5652
58.3499     117.3711
47.7373     108.0849
61.2947     136.3237
32.6148     71.8201
65.5694     130.5188
60.0996     126.7019
53.7777     115.4055
55.4739     117.0646
61.5883     129.4148
60.1058     118.2095
37.3591     79.6305
63.2014     131.0705
52.5557     110.8770
63.8816     131.2882
54.7312     113.1498
38.1106     77.8218
36.8050     80.0557
55.0871     120.1852
63.0059     126.3896
32.0382     76.6543
45.8084     95.7454
62.6257     131.6153
45.5617     103.2107
71.3418     140.1731
57.9926     121.9190
64.5613     123.6928
41.7709     85.7902
71.8759     144.2501
59.2015     124.0991
54.7667     113.6938
59.5776     123.3272
53.8486     114.3679
67.0290     136.1058
49.4031     106.4361
47.5460     104.8814
48.4529     101.2435
53.3925     105.9957
51.5272     103.2550
28.4568     63.9409
63.9247     122.3952
39.3046     88.3432
44.7928     101.1744
46.3367     95.8952
59.8311     118.1531
25.2370     67.5339
33.8331     75.6041
79.4017     158.6898
66.4035     137.6026
71.2993     143.5893
47.2771     100.0256
65.3427     134.7356
48.0042     100.8296
45.1694     94.6922
28.5928     61.9290
49.4533     104.9474
47.1959     95.8489
23.7115     55.6330
38.8520     92.8707
46.8617     96.8195
36.5524     89.3385
59.4106     124.9602
46.4829     104.0451
54.0781     114.4025
64.6457     124.6778
54.8508     113.2621
33.9505     70.7256
58.6680     118.2204
43.4159     99.4599
30.5011     69.5638
47.8494     97.3538
55.9342     115.8123
55.2317     114.4625
30.8231     73.1585
50.6400     110.9730
62.4787     123.0606
42.3189     87.8067
50.5510     99.8357
51.2588     112.7914
52.5444     119.0634
63.9181     128.5572
52.1507     108.2220
34.9340     76.7970
37.7851     81.9769
53.2691     109.5161
26.3737     63.4834
50.4932     108.0715
51.5275     111.5488
56.4427     115.5192
45.5610     99.5662
51.3224     103.1648
41.5487     87.4556
41.0009     93.8832
61.9178     121.6507
43.5433     87.9110
54.5447     109.2303
63.9742     129.0486
70.2774     144.4220
68.0163     137.1713
42.9634     98.3978
32.0241     76.1833
46.7616     100.2586
44.6740     101.2337
49.4974     102.6450
47.1137     89.8373
48.7331     105.1042
28.1165     65.5320
54.2904     120.4841
73.1005     152.4034
71.9261     145.4626
57.6398     116.0661
58.9943     128.7420
40.9581     89.8324
44.7676     104.3259
77.3428     153.3587
54.3317     109.6016
66.0330     138.4480
51.6202     107.4790
57.3349     118.4135
60.0064     130.1060
58.4515     120.3176
37.6467     82.2472
47.5943     100.9233
76.6888     150.8739
50.1708     104.4518
65.2553     133.0306
49.0432     104.2768
35.7276     78.9016
40.4683     79.0214
32.0901     73.4568
28.2021     80.2038
46.3550     98.4562
41.2403     89.5643
33.4026     76.0401
40.6369     92.3183
43.0621     99.1639
56.2296     116.0106
56.5305     121.0580
51.7514     107.4308
62.4470     124.3986
51.0533     111.2254
53.2004     110.9470
38.0109     84.9337
41.7767     98.5555
49.3841     105.6387
45.4190     90.2534
71.5693     148.2417
57.2513     113.1567
58.4776     117.3506
48.3599     106.1894
55.0162     111.6381
68.7080     139.0484
42.0785     88.9883
65.1224     138.3442
32.4220     72.1593
57.1634     120.9855
62.4587     123.4935
62.2418     132.8292
61.6413     129.8418
32.8371     77.1163
46.1666     98.1806
69.7973     141.4085
63.1166     134.3054
42.8765     92.9384
41.4406     85.4814
55.8893     115.9812
48.8959     99.3266
48.0105     102.5927
41.5299     83.7473
53.6940     112.9694
60.3429     127.1835
50.3204     109.7956
58.7267     123.9426
50.3611     106.1909
82.3899     167.4586
58.2747     122.0966
66.9623     139.2155
30.4845     66.4623
42.4103     88.9884
48.1614     96.1769
40.3870     89.9706
24.3336     63.0771
45.8123     103.8072
69.4859     134.8004
55.5929     122.6541
56.5725     114.0861
62.3579     120.5571
47.7026     104.5010
64.1104     131.3923
51.3880     100.6150
58.3522     114.0193
38.2489     81.1347
50.9893     100.6008
55.0134     113.6570
41.2916     98.8916
37.2948     91.3539
30.7115     64.7332
55.1186     115.2799
52.8665     109.8408
60.9535     117.1742
56.9006     112.1107
73.5281     143.4760
53.9270     106.5597
60.4599     127.4299
54.4243     107.9175
51.8431     106.0264
44.6342     100.6690
57.7441     116.6333
51.0126     107.1625
37.7719     82.9882
52.1959     108.6197
37.2643     83.5188
52.4240     104.8199
63.2944     136.4817
58.8246     114.6191
34.0136     77.3713
32.4374     71.6227
20.9973     55.3810
45.6639     99.1600
49.6834     102.3404
28.0154     59.4214
42.2868     95.1764
28.7330     62.9335
42.1697     84.6006
63.8320     126.0024
51.6400     109.4424
69.2172     136.1710
58.2090     125.9988
44.4937     94.9627
68.8378     136.1502
60.6045     125.2739
29.2720     68.4017
45.7637     98.7586
41.0532     95.8221
47.3529     97.4943
53.7624     111.9042
63.4822     129.3017
53.1747     113.2985
46.4598     94.6458
60.7388     118.9159
46.4792     87.7475
57.5944     123.5510
47.5175     92.6456
65.1700     133.5334
51.0265     108.2415
43.3761     93.3710
34.8413     75.0175
51.5212     114.7801
44.1013     93.6130
66.2910     126.8198
57.5719     118.5567
53.1538     112.6343
46.2733     96.7252
57.3250     123.0607
38.2416     87.0366
25.8901     63.2784
34.9370     71.2086
50.9811     112.1586
75.4697     154.2053
62.9952     133.5462
51.8723     110.0290
46.4829     97.9537
46.5655     101.9612
49.4945     107.6377
47.5346     101.6379
66.7216     135.4364
30.0018     65.2443
63.3788     124.2748
45.2498     100.0790
35.5803     81.1266
42.3741     88.3787
48.3725     100.8776
66.0217     127.5943
