-5.879780 -13.754603
-17.413680 -25.699303
3.039620 2.703297
-0.857980 3.872397
16.697320 28.515697
2.878620 13.952697
-10.657980 -16.255903
-19.853080 -37.056303
6.662120 18.634997
-4.510380 -7.799603
-1.587180 -7.792703
-8.002780 -15.953503
-24.697680 -50.274203
10.199720 13.017697
5.096620 12.688897
1.963320 4.205097
7.269220 9.544097
-15.648880 -26.590603
22.927320 37.829397
-4.522980 -7.389303
3.618020 7.267197
8.254920 18.181997
-33.397480 -70.836303
19.405320 36.556397
-0.024380 5.315197
-21.090080 -32.895003
-5.035480 -5.986903
32.057820 57.413197
-3.565380 -7.164503
-17.786680 -40.266903
-2.677980 -8.348903
3.925320 5.359097
-8.143580 -20.726703
-7.934380 -21.843603
13.473720 20.966897
9.305220 9.862997
-0.769680 -2.342303
-1.527680 -9.527103
1.057020 2.588297
-5.899780 -13.833203
-0.820680 -5.453303
0.939020 0.260197
17.021920 28.279697
-14.696980 -26.010203
10.581220 17.763997
19.374320 33.729497
-10.981980 -22.396003
1.532620 -0.661403
2.322520 5.134997
-2.645580 -6.915903
-6.438480 -21.140503
-12.695980 -24.471903
-27.243780 -50.883403
6.190620 14.114097
-39.969480 -66.274203
5.417420 19.333997
10.279520 15.813397
-13.094380 -20.906803
6.054820 13.487297
7.881620 6.569597
7.895220 5.829297
-6.033380 -19.622303
3.504620 6.198197
1.730620 0.041197
-10.390280 -13.936903
-7.017880 -14.688903
7.092320 17.960597
-7.181680 -10.798503
4.708520 16.701097
0.437420 -8.775903
-3.510180 -2.898203
0.675920 -0.679903
3.394820 7.150497
0.169120 2.392497
1.499720 -0.315403
7.607020 9.058997
-2.666080 0.902197
1.884020 4.934697
-2.964780 -1.215703
4.288820 13.302597
-2.040780 6.911897
7.974220 15.508597
12.712320 19.547197
-17.334480 -30.531803
16.179120 33.595597
13.613720 22.358797
-9.953580 -21.181603
28.141820 42.175997
2.192220 4.509697
5.677720 9.610097
19.822920 33.823097
-8.167480 -12.143503
-13.927080 -25.070503
-4.565380 -6.273603
1.457220 14.111397
4.083120 11.726697
7.816220 14.447997
19.752020 35.660097
-9.960580 -20.024003
-15.206480 -27.027003
3.142420 1.457697
-0.965080 -1.679803
-1.529280 -10.039303
-17.047780 -26.768403
7.401420 20.342997
7.189720 10.056197
-4.093080 -11.962503
31.937920 52.638697
-14.907780 -24.796103
11.585920 22.995297
-7.611980 -10.134403
-10.951780 -28.500303
-14.730480 -21.156803
11.704020 19.834497
-7.970380 -10.365403
-6.488980 -4.312003
-5.523980 -11.775503
4.468720 9.873497
13.465520 22.343397
3.611320 5.007797
14.771620 32.555297
15.991820 27.534797
-5.319880 -6.199203
3.792420 9.231497
10.631820 24.421697
8.944120 24.188597
1.484120 5.137797
18.985320 38.069297
-2.600580 2.123297
-2.324980 -2.174003
4.637020 3.887397
-1.637980 3.250397
-11.637480 -20.207303
13.485920 30.531597
0.865720 -10.185603
12.176720 27.882197
14.847320 29.130497
-13.907980 -25.076003
7.394520 17.122997
-5.020380 -4.323603
3.916420 10.231897
8.284320 18.253997
-7.718080 -17.655003
-10.798280 -24.427203
0.920220 -5.494403
-2.861180 0.048297
-5.263780 -11.007303
4.845320 6.444797
-0.970780 -1.709703
6.625220 14.849097
8.504320 10.412197
-7.334680 -13.236403
-5.418280 -4.018103
4.485020 5.296397
3.634520 15.396297
2.805320 8.555997
18.063120 30.576397
18.832620 35.976697
-18.849280 -34.245403
1.265320 2.405797
-2.005780 -4.976203
-10.994180 -20.441403
-18.408880 -32.669903
-25.655380 -49.221903
-3.018180 -7.174603
-5.180880 -5.068403
2.799420 4.198397
-3.406080 2.467397
9.018920 19.141797
13.328220 22.411097
-8.372180 -15.881803
-6.676880 -14.865303
15.474320 29.262197
-10.321180 -19.041103
20.110620 35.512097
24.362420 47.398597
-4.235380 -10.304403
1.094420 0.458297
4.623120 5.357997
-15.031180 -27.653203
24.285620 42.963297
-25.587180 -46.213803
-0.802380 1.730497
-4.518680 -3.838603
23.675220 47.183997
0.798620 -3.378403
-17.497080 -29.589203
6.034520 10.394497
3.435120 5.772497
15.197620 22.028997
-21.143580 -30.787003
11.554020 15.222497
12.598720 21.147297
-8.188380 -13.147303
-11.446980 -20.602703
-8.150880 -17.905803
12.472720 25.514597
9.287820 22.761697
-6.159980 -13.169503
10.151020 18.648597
14.975820 19.808397
-4.159980 -8.392003
13.695720 26.237597
-5.365580 -9.512303
-4.811780 -13.798603
-2.151380 -7.745803
2.980420 4.662797
-25.320480 -46.543403
-13.311180 -22.994403
-28.766080 -50.709803
6.949720 11.443897
14.493120 21.573797
16.820120 33.467597
-24.244180 -40.488603
-0.065180 -0.111203
-14.911880 -25.537503
-16.923680 -28.502403
-7.582680 -2.721303
-16.313080 -25.851403
23.839720 42.677997
-18.496280 -38.807803
-12.642680 -26.431503
-2.873980 -6.008203
-0.152780 -1.815003
-0.493180 -2.392903
-15.115580 -26.572303
2.071320 2.126197
2.452120 7.945897
7.650720 10.751797
-2.961880 1.465597
10.595520 29.704397
-18.084380 -34.799203
14.870220 23.899497
9.400420 20.082597
3.078520 8.786197
4.774720 10.445297
10.889120 22.795497
9.406620 11.590197
-13.340080 -26.988803
12.502220 24.451197
1.856520 4.257697
13.182420 24.668897
4.032020 6.530497
-12.588580 -28.797503
-13.894180 -26.563603
4.387920 13.565897
12.306720 19.770297
-18.660980 -29.965003
-4.890780 -10.873903
11.926520 24.995997
-5.137480 -3.408603
20.642620 33.553797
7.293420 15.299697
13.862120 17.073497
-8.928280 -20.829103
21.176720 37.630797
8.502320 17.479797
4.067520 7.074497
8.878420 16.707897
3.149420 7.748597
16.329820 29.486497
-1.296080 -0.183203
-3.153180 -1.737903
-2.246280 -5.375803
2.693320 -0.623603
0.828020 -3.364303
-22.242380 -42.678403
13.225520 15.775897
-11.394580 -18.276103
-5.906380 -5.444903
-4.362480 -10.724103
9.131920 11.533797
-25.462180 -39.085403
-16.866080 -31.015203
28.702520 52.070497
15.704320 30.983297
20.600120 36.969997
-3.422080 -6.593703
14.643520 28.116297
-2.694980 -5.789703
-5.529780 -11.927103
-22.106380 -44.690303
-1.245880 -1.671903
-3.503280 -10.770403
-26.987680 -50.986303
-11.847180 -13.748603
-3.837480 -9.799803
-14.146780 -17.280803
8.711420 18.340897
-4.216280 -2.574203
3.378920 7.783197
13.946520 18.058497
4.151620 6.642797
-16.748680 -35.893703
7.968820 11.601097
-7.283280 -7.159403
-20.198080 -37.055503
-2.849780 -9.265503
5.235020 9.192997
4.532520 7.843197
-19.876080 -33.460803
-0.059180 4.353697
11.779520 16.441297
-8.380280 -18.812603
-0.148180 -6.783603
0.559620 6.172097
1.845220 12.444097
13.218920 21.937897
1.451520 1.602697
-15.765180 -29.822303
-12.914080 -24.642403
2.569920 2.896797
-24.325480 -43.135903
-0.205980 1.452197
0.828320 4.929497
5.743520 8.899897
-5.138180 -7.053103
0.623220 -3.454503
-9.150480 -19.163703
-9.698280 -12.736103
11.218620 15.031397
-7.155880 -18.708303
3.845520 2.610997
13.275020 22.429297
19.578220 37.802697
17.317120 30.551997
-7.735780 -8.221503
-18.675080 -30.436003
-3.937580 -6.360703
-6.025180 -5.385603
-1.201780 -3.974303
-3.585480 -16.782003
-1.966080 -1.515103
-22.582680 -41.087303
3.591220 13.864797
22.401320 45.784097
21.226920 38.843297
6.940620 9.446797
8.295120 22.122697
-9.741080 -16.786903
-5.931580 -2.293403
26.643620 46.739397
3.632520 2.982297
15.333820 31.828697
0.921020 0.859697
6.635720 11.794197
9.307220 23.486697
7.752320 13.698297
-13.052480 -24.372103
-3.104880 -5.696003
25.989620 44.254597
-0.528380 -2.167503
14.556120 26.411297
-1.655980 -2.342503
-14.971580 -27.717703
-10.230880 -27.597903
-18.609080 -33.162503
-22.497080 -26.415503
-4.344180 -8.163103
-9.458880 -17.055003
-17.296580 -30.579203
-10.062280 -14.301003
-7.637080 -7.455403
5.530420 9.391297
5.831320 14.438697
1.052220 0.811497
11.747820 17.779297
0.354120 4.606097
2.501220 4.327697
-12.688280 -21.685603
-8.922480 -8.063803
-1.315080 -0.980603
-5.280180 -16.365903
20.870120 41.622397
6.552120 6.537397
7.778420 10.731297
-2.339280 -0.429903
4.317020 5.018797
18.008820 32.429097
-8.620680 -17.631003
14.423220 31.724897
-18.277180 -34.460003
6.464220 14.366197
11.759520 16.874197
11.542620 26.209897
10.942120 23.222497
-17.862080 -29.503003
-4.532580 -8.438703
19.098120 34.789197
12.417420 27.686097
-7.822680 -13.680903
-9.258580 -21.137903
5.190120 9.361897
-1.803280 -7.292703
-2.688680 -4.026603
-9.169280 -22.872003
2.994820 6.350097
9.643720 20.564197
-0.378780 3.176297
8.027520 17.323297
-0.338080 -0.428403
31.690720 60.839297
7.575520 15.477297
16.263120 32.596197
-20.214680 -40.157003
-8.288880 -17.630903
-2.537780 -10.442403
-10.312180 -16.648703
-26.365580 -43.542203
-4.886880 -2.812103
18.786720 28.181097
4.893720 16.034797
5.873320 7.466797
11.658720 13.937797
-2.996580 -2.118303
13.411220 24.772997
0.688820 -6.004303
7.653020 7.399997
-12.450280 -25.484603
0.290120 -6.018503
4.314220 7.037697
-9.407580 -7.727703
-13.404380 -15.265403
-19.987680 -41.886103
4.419420 8.660597
2.167320 3.221497
10.254320 10.554897
6.201420 5.491397
22.828920 36.856697
3.227820 -0.059603
9.760720 20.810597
3.725120 1.298197
1.143920 -0.592903
-6.064980 -5.950303
7.044920 10.013997
0.313420 0.543197
-12.927280 -23.631103
1.496720 2.000397
-13.434880 -23.100503
1.724820 -1.799403
12.595220 29.862397
8.125420 7.999797
-16.685580 -29.248003
-18.261780 -34.996603
-29.701880 -51.238303
-5.035280 -7.459303
-1.015780 -4.278903
-22.683780 -47.197903
-8.412380 -11.442903
-21.966180 -43.685803
-8.529480 -22.018703
13.132820 19.383097
0.940820 2.823097
18.518020 29.551697
7.509820 19.379497
-6.205480 -11.656603
18.138620 29.530897
9.905320 18.654597
-21.427180 -38.217603
-4.935480 -7.860703
-9.645980 -10.797203
-3.346280 -9.125003
3.063220 5.284897
12.783020 22.682397
2.475520 6.679197
-4.239380 -11.973503
10.039620 12.296597
-4.219980 -18.871803
6.895220 16.931697
-3.181680 -13.973703
14.470820 26.914097
0.327320 1.622197
-7.323080 -13.248303
-15.857880 -31.601803
0.822020 8.160797
-6.597880 -13.006303
15.591820 20.200497
6.872720 11.937397
2.454620 6.014997
-4.425880 -9.894103
6.625820 16.441397
-12.457580 -19.582703
-24.809080 -43.340903
-15.762180 -35.410703
0.281920 5.539297
24.770520 47.585997
12.296020 26.926897
1.173120 3.409697
-4.216280 -8.665603
-4.133680 -4.658103
-1.204680 1.018397
-3.164580 -4.981403
16.022420 28.817097
-20.697380 -41.375003
12.679620 17.655497
-5.449380 -6.540303
-15.118880 -25.492703
-8.325080 -18.240603
-2.326680 -5.741703
15.322520 20.974997
