14.894690 -1.381709
30.891170 3.070181
-3.824770 -1.385007
-2.996210 2.598907
-33.026325 -1.098795
-13.639349 4.114898
19.369974 1.628196
42.038988 -0.194521
-19.558524 3.018462
9.006357 0.250718
7.607904 -2.316279
17.839351 -0.562403
55.968691 -2.230790
-16.304436 -2.767692
-13.584610 1.562699
-4.632592 0.276693
-11.854338 -1.845543
30.834250 1.093898
-44.183077 -2.140326
8.651594 0.457232
-8.113178 0.280311
-19.918901 1.402186
78.192253 -4.375503
-41.386158 0.350107
-4.661884 2.553185
38.969290 2.875257
7.662620 1.575853
-65.751600 -0.840301
7.997807 -0.277680
43.877701 -3.540727
8.616527 -1.622101
-6.581815 -0.898760
22.103351 -2.712185
22.985762 -3.428133
-24.853414 -1.860041
-13.104530 -3.483839
2.426134 -0.438935
9.104570 -3.194730
-2.779296 0.303458
14.973327 -1.401563
5.185837 -1.875931
-0.676060 -0.701715
-32.973432 -1.496618
29.870510 0.533378
-20.659435 -0.842364
-38.885782 -0.969152
24.923112 -1.011588
-0.148470 -1.662629
-5.621321 0.403791
7.341099 -0.968020
21.655016 -4.408531
27.564807 -0.493316
57.717108 -0.282255
-15.358843 1.279632
77.311324 3.576095
-19.580255 4.445840
-18.800623 -1.506203
24.619886 1.555123
-14.743032 1.100478
-9.530647 -3.800830
-8.886201 -4.165410
20.127149 -4.041571
-7.119223 -0.129169
-0.860557 -1.502060
17.203434 2.497407
16.258295 -0.826039
-19.170458 2.318968
12.915602 1.171070
-16.927559 3.815045
7.508040 -4.564771
4.220282 1.705919
0.275862 -0.918170
-7.904252 0.420977
-2.184208 0.990898
-0.437026 -1.468893
-11.588705 -2.373625
0.476638 2.773943
-5.236336 0.693944
2.481123 2.027777
-13.739445 2.565293
-5.105359 5.086690
-17.434555 0.375596
-23.242441 -1.866800
35.102521 0.698714
-37.246102 1.776514
-26.143956 -1.320146
23.365475 -1.337384
-50.488699 -4.654899
-5.009448 0.220516
-11.154302 -0.414747
-39.181760 -1.319009
14.567780 1.397201
28.677539 0.304027
7.690788 1.025946
-13.101844 5.440285
-12.255823 1.995522
-16.426742 0.009334
-40.763209 -0.381664
22.350966 -0.779838
31.007239 0.497041
-2.778516 -2.068704
1.936690 0.048439
9.555694 -3.437295
31.656912 2.239219
-21.412463 3.181976
-12.266745 -1.531717
12.467903 -2.099084
-61.496412 -3.009079
28.903396 1.297031
-25.737725 0.766019
12.536640 1.865746
30.276059 -3.945758
25.619015 2.874617
-23.014780 -0.843384
12.910466 2.070846
6.882264 3.651665
12.985050 -0.751864
-10.810028 0.773755
-26.059824 -1.197173
-6.123362 -0.790001
-35.660973 2.518569
-31.827803 -0.945694
7.984755 1.724794
-9.923400 1.062606
-26.537457 2.284357
-25.528609 3.657271
-5.224434 1.142305
-42.516351 1.440029
-0.628238 3.297988
3.018977 1.008760
-5.626792 -2.225541
-2.077772 2.988465
23.310882 0.607301
-33.269185 2.685114
8.543539 -5.612834
-30.316044 2.574286
-32.685704 0.820699
28.673277 0.284614
-18.577925 1.654285
6.192937 2.354843
-10.862086 1.430090
-19.996212 1.410631
19.199821 -1.623194
26.621586 -2.140616
4.392745 -3.426230
1.320378 2.538757
12.185655 -0.614739
-7.974656 -1.190546
1.965696 0.039208
-16.212117 1.247598
-13.205939 -2.518035
15.132053 0.144372
6.113848 2.850222
-6.793283 -1.420753
-15.268716 4.137876
-8.859274 1.608779
-35.488799 -1.318145
-40.603655 0.577541
39.089313 0.261762
-2.718048 0.033377
5.330827 -0.606654
23.210301 -0.069841
37.494250 0.624977
55.499609 -0.887478
7.746044 -0.763628
6.924267 2.141201
-5.024954 -0.461657
-0.547118 4.170143
-21.126735 1.187597
-26.053951 -1.044202
17.952261 -0.203448
16.250972 -1.209894
-33.100158 0.332128
21.658493 0.005404
-40.803886 -0.767466
-53.280564 1.155859
11.077765 -1.184174
-0.924264 -0.743994
-6.913226 -1.512839
31.474339 0.044632
-49.344154 -0.889247
52.822190 0.485381
-1.139384 1.529784
5.527520 2.144730
-52.764544 1.657874
2.590129 -2.311413
34.351170 1.290665
-12.013954 -0.354843
-6.711813 -0.270830
-26.608419 -2.869914
37.141271 3.926386
-18.888135 -2.908292
-24.595252 -1.004751
15.460347 0.937446
23.567806 0.251462
19.626494 -1.362108
-28.375274 1.186281
-24.437690 2.675401
14.513694 -0.856641
-21.232324 -0.042747
-24.550263 -3.732613
9.360334 -0.339552
-29.593529 0.455314
10.919635 0.186873
14.424665 -2.341728
7.835407 -1.797855
-5.519502 -0.399601
52.984962 0.093884
26.558718 0.751378
58.289572 1.138948
-13.372591 -0.659699
-25.872606 -2.467290
-37.438878 1.151932
47.148488 2.031562
0.128824 0.004342
29.557240 0.947491
33.122456 1.304159
6.004563 5.371010
30.500667 2.030007
-48.880906 -0.633075
42.932756 -2.221795
29.262437 -1.473583
6.651777 -0.334836
1.668651 -0.730192
2.338922 -0.706155
30.564137 0.633699
-2.856119 -0.808495
-8.154594 1.628733
-13.097950 -1.605730
0.122153 3.302391
-31.165089 4.832544
39.211914 -0.674580
-28.097147 -1.691079
-22.135670 1.300280
-9.191814 1.478211
-11.458550 0.777059
-25.230145 1.283525
-14.671505 -2.750293
30.084642 -1.125834
-27.454309 0.653821
-4.627971 0.395653
-27.969721 0.159436
-7.662617 -0.434614
31.317023 -2.648130
29.974707 -0.436098
-14.018160 2.603573
-23.245410 -1.403900
35.235992 2.135046
11.890692 -0.879166
-27.659117 1.419517
5.444182 2.893641
-39.335414 -2.168021
-16.926595 0.874700
-21.615065 -4.056064
22.567159 -2.070996
-43.174604 -0.695672
-19.419319 0.850181
-8.157849 -0.206709
-18.919755 0.151814
-8.313254 0.921639
-33.704873 -0.313249
0.778437 1.052341
3.030017 1.944696
5.796739 -0.585528
-0.734574 -2.665193
2.563728 -2.330547
48.120413 -0.771613
-20.170896 -4.114396
21.497135 1.313600
7.600885 2.599777
11.507336 -1.272331
-14.491069 -2.535622
46.494857 3.770890
35.304451 0.056609
-59.455716 -0.434933
-34.723025 0.949695
-42.318934 -0.503439
7.427663 -0.131795
-31.696873 0.516808
6.374395 -0.388149
13.121110 -0.818975
49.824637 -1.849507
2.063495 0.299101
11.138790 -2.049854
57.685599 -0.556450
17.731821 3.868108
10.444557 -1.293683
21.932932 4.207613
-20.276058 1.076486
4.271730 2.481100
-8.452993 0.736327
-22.521348 -3.661097
-7.818327 -0.486284
39.538052 -2.370356
-13.996233 -1.480886
9.764243 2.993789
42.202616 0.109208
9.504299 -1.907640
-10.576691 -0.224168
-9.055235 -0.249420
38.888526 1.538320
-3.799890 2.125799
-20.067201 -2.526026
20.533085 -1.592332
6.035204 -3.100893
-5.693504 2.447851
-11.820649 4.304956
-25.585818 -1.173494
-2.100597 -0.512878
33.731185 -0.343175
27.818608 -0.382760
-3.771180 -0.879846
49.514906 0.842078
-1.178762 0.872826
-4.728910 1.619713
-10.561186 -0.810887
8.649017 1.158299
2.740589 -2.193437
21.208661 -1.082355
15.817990 2.460920
-18.560348 -2.704410
19.858168 -2.619231
-4.127481 -2.137576
-26.044614 -0.988756
-42.564349 0.791722
-35.112009 -0.673831
10.913652 2.885757
35.656845 1.923096
7.468337 0.432452
7.605331 2.732480
4.066922 -0.836360
16.463767 -4.841039
2.268673 1.007039
46.883498 0.285480
-13.901488 3.446461
-50.926866 2.111173
-44.264631 -0.162270
-11.612265 -1.602961
-23.402991 3.243883
19.400126 0.569066
4.841867 4.123065
-53.787536 -1.163925
-4.352498 -1.773433
-35.289883 1.678147
-1.194609 -0.400333
-13.531034 -0.216752
-25.084402 3.003677
-15.737115 -0.291580
27.646864 -0.132319
6.487252 0.016895
-51.291210 -1.772449
2.157501 -0.567841
-30.156086 -0.218473
2.848474 0.340268
31.502663 -0.038495
29.139224 -4.149790
38.022739 0.566371
33.942242 7.198723
9.246807 -0.068560
19.501441 0.193233
35.126145 0.642812
17.367342 2.035578
10.193030 3.163884
-10.891756 -0.389450
-15.473112 1.750168
-1.214722 -0.538652
-21.228566 -1.860834
-4.218682 1.882620
-4.996605 -0.137870
25.111227 0.827091
11.340243 4.004304
1.488617 0.689228
16.905126 -3.152741
-46.538260 1.475201
-8.869064 -2.647177
-13.140751 -1.727778
1.492252 1.852088
-6.469175 -1.405263
-37.091960 -0.387917
19.608647 -0.818133
-34.764875 2.429369
39.005501 -0.343488
-15.710829 1.159144
-20.438311 -2.302241
-28.543603 2.335277
-25.630838 1.440313
34.449235 1.652658
9.578873 -0.034180
-39.685985 -0.221538
-30.258269 2.269239
15.755335 0.361731
22.996007 -1.927662
-10.703813 -0.104238
7.271202 -1.888107
4.821152 0.446116
24.478215 -2.832171
-7.009955 0.391437
-22.675016 1.315750
-2.612404 1.845992
-19.055555 1.193114
0.537717 0.093206
-68.589212 1.114408
-17.217124 0.711253
-36.407370 1.226619
44.937581 -1.353510
19.450515 -1.109827
10.390500 -2.742556
19.550639 1.137045
50.843900 2.442349
4.800330 2.957422
-33.727349 -3.095320
-16.429916 3.334831
-9.362930 -1.607634
-17.808407 -3.612284
3.289900 1.625809
-28.170235 0.007844
4.951306 -3.465644
-10.151906 -3.204291
28.338211 -1.191725
5.153702 -3.121842
-8.243001 -0.441153
11.275784 4.590930
19.807228 4.514823
46.349802 -2.376714
-9.720078 0.239371
-3.864911 -0.371189
-14.164975 -3.988787
-7.782301 -2.837050
-43.280941 -2.517124
-1.485077 -2.866518
-22.947398 1.330241
-2.915825 -2.657028
-0.023553 -1.288228
8.120813 2.498496
-12.160668 -1.424499
-0.626907 -0.016844
26.935689 0.110551
-2.471812 -0.363188
26.710929 0.809606
0.760591 -2.373680
-32.256516 3.149525
-10.904308 -3.333960
33.664627 0.739658
39.469982 -0.612623
59.200009 1.710033
8.957163 0.874340
4.246152 -1.144992
52.304525 -2.536242
14.068414 1.946246
48.874630 -1.494315
23.423182 -2.988283
-23.298446 -2.314697
-2.930401 0.517469
-34.804490 -2.206213
-20.616920 2.627727
13.205118 -0.096006
-34.605484 -1.882525
-21.120567 0.176148
43.809864 0.636385
9.262565 0.595393
14.088261 3.338476
9.617255 -1.404159
-6.105936 -0.176084
-26.032806 -0.435598
-7.051968 1.004800
12.547261 -1.975687
-15.594134 -2.970397
18.603493 -5.278560
-18.171893 2.002184
13.802172 -3.858432
-30.557553 0.096023
-1.582261 0.484886
15.136991 0.128504
35.340002 -1.109282
-7.567096 3.164393
14.578779 -0.393873
-25.188439 -4.087478
-13.769834 -0.356930
-6.458001 0.706803
10.807740 -0.821238
-17.612465 2.005519
23.152321 1.625902
49.925507 1.169648
38.643472 -3.007693
-5.004827 2.390608
-53.639727 0.886291
-29.532902 2.014358
-3.556830 0.592626
9.627719 -0.420371
6.064698 1.415864
-0.321631 1.544325
5.887362 0.409768
-32.969867 -0.361811
46.238453 -1.509247
-21.563549 -2.739107
8.346358 1.676186
29.616448 1.150839
20.003849 -1.368412
6.156761 -0.689121
-25.741161 -3.481779
