11.4901     30.1146     18.1022
9.5852     26.8271     16.8087
11.9431     27.7598     12.9954
14.5691     37.2672     16.0370
9.2975     22.2679     13.0537
9.2976     22.5133     12.6405
14.7376     35.9555     17.8696
12.3023     29.4598     15.0754
8.5916     21.5517     14.0306
11.6277     27.8228     12.2345
8.6097     21.9301     14.8471
8.6028     21.4317     12.2172
10.7259     26.4563     17.4445
4.2602     9.2891     5.9407
4.8252     11.1980     11.6400
8.3131     21.9159     12.9528
6.9615     18.1551     9.8675
10.9427     25.8905     11.6134
7.2759     18.3388     10.2992
5.7631     15.5348     11.3605
14.3969     33.4883     15.5599
9.3227     24.1217     11.9628
10.2026     24.5125     12.3182
5.7258     15.1703     14.5499
8.3669     19.7722     14.2327
10.3328     23.1246     11.9730
6.5470     13.9262     8.3606
11.1271     27.8899     14.1994
8.1981     20.8848     13.0972
9.1249     21.4558     9.1692
8.1949     21.4451     11.8075
15.5568     36.3998     12.1145
9.9595     24.7997     13.6868
6.8269     15.2506     10.3027
12.4676     30.1913     13.2255
6.3375     15.9148     13.2748
10.6266     25.2759     10.0172
4.1210     9.7256     4.9066
6.0154     16.5480     11.4688
10.5906     25.6111     14.8744
12.2154     31.7920     19.1430
10.5141     24.5907     11.1379
9.6531     24.9273     15.5156
9.0967     24.9041     13.9302
5.5644     10.2036     6.1403
7.8405     18.4058     12.0834
8.6181     22.4108     13.8916
13.1714     32.6238     12.1407
11.0309     28.1339     17.2231
4.7109     10.8712     10.8041
10.9723     27.5605     12.6306
8.8448     21.8784     12.6806
7.9692     21.6748     13.7648
11.8350     29.9692     15.2947
13.0930     33.2389     14.7789
12.7938     31.3668     13.3976
7.4823     17.9745     10.3496
9.0724     22.0321     14.0843
10.9938     28.0762     15.3556
12.9266     31.6851     14.0949
8.5625     21.8409     13.7411
9.4430     26.7207     9.3478
6.6810     18.0092     13.6877
6.4114     15.5394     6.2584
12.4376     32.8958     15.6666
14.0687     34.5597     13.5259
9.7840     21.4027     7.7921
13.0106     31.0144     16.5204
11.0849     24.9061     10.6876
8.0646     19.6343     11.7229
11.0842     27.7381     13.7956
14.6141     39.0499     19.6571
9.8925     25.2217     13.4600
14.6939     36.4062     13.9262
2.1408     6.5960     9.7004
12.4657     27.8476     11.3317
10.2611     26.0063     10.3785
9.1030     23.9137     12.3512
10.2753     23.4703     14.4474
4.0373     11.8089     11.3028
9.3410     23.8602     12.1817
11.0713     27.0554     12.6602
14.4337     37.0334     16.6630
8.4452     24.5190     18.6345
7.5745     19.2091     12.0417
8.4947     21.6092     12.9537
12.7462     31.1765     16.7063
10.9863     26.1909     13.2468
8.4107     22.2723     12.2069
11.5398     27.5654     12.8118
10.2912     25.8354     13.1757
12.9059     31.5484     14.6771
7.8938     20.4531     13.3451
9.0170     23.0430     12.7179
8.8237     23.6155     14.7693
5.6095     13.2586     8.7141
10.8884     26.8161     13.5441
10.7832     25.4898     8.4556
10.0153     24.3719     14.3118
9.2962     23.8065     13.5827
5.7539     15.5202     12.5075
8.7381     20.4619     5.0913
8.9719     23.7341     17.3978
7.5932     21.0164     12.4221
9.5161     24.4105     15.3254
11.2122     30.8456     14.1421
15.6586     37.9857     17.8238
10.5237     24.4424     9.8186
10.7727     24.2635     10.2361
9.7767     26.6857     18.4446
4.2437     11.5908     8.7988
9.9205     24.7178     13.3045
10.1807     25.8717     15.2207
17.3897     41.7861     18.5526
9.4229     27.2259     15.7741
10.9046     27.4554     14.6087
9.8959     24.9038     17.8548
6.4940     17.3236     10.9509
13.4285     34.2927     16.7222
12.2558     30.9753     17.1746
12.3731     29.7470     16.1610
7.2718     18.8868     13.7573
14.2084     38.3440     19.9026
5.7944     16.5042     8.9641
11.7606     31.7912     19.5871
16.5714     40.6616     15.3509
7.0284     16.0866     10.0405
8.3011     20.5641     9.9814
10.2990     25.8310     13.1778
8.4896     22.8652     13.7622
5.3480     10.8313     7.8902
10.2057     27.8085     15.8439
6.8131     16.7957     13.4883
11.4208     27.9116     14.5314
7.2417     16.5862     9.0905
14.6498     34.1422     16.6622
7.6502     20.3604     14.4869
9.0338     22.6945     9.8598
12.4406     29.1664     14.5993
6.3074     13.8259     9.8942
10.6824     26.2023     12.5478
13.9214     37.3071     20.8914
5.1776     12.5545     8.5304
10.5539     24.1300     11.8905
10.7796     26.5805     12.9827
12.3455     30.4546     14.5803
6.2891     11.6775     4.6025
6.0386     15.0151     6.8856
11.5658     28.5682     17.1645
10.8910     28.2717     12.8543
10.7515     29.6521     13.8371
11.0393     29.2882     10.8766
7.9599     19.4965     9.7674
10.6968     25.0821     9.5834
10.8792     31.0581     20.0754
7.8569     19.7312     13.3763
15.5973     39.0142     16.1183
11.4215     28.5176     18.6131
6.4261     16.3624     12.3421
11.9697     29.7076     13.7528
7.0760     16.8294     4.9736
12.3613     30.0828     18.8147
13.4758     33.6403     12.9622
7.5380     18.0297     7.0875
12.8901     31.1561     16.5018
11.2383     28.2555     18.9979
12.4662     30.7830     17.4355
15.6904     41.4819     20.4849
9.2638     19.1831     10.4194
7.7388     20.9842     14.2077
7.3315     20.1978     13.8783
7.5526     15.7713     9.1164
9.7687     23.9077     12.6121
11.0235     27.0015     13.2478
10.8301     24.9639     10.4671
12.4815     30.0371     13.4905
10.0390     23.4317     8.3126
14.3606     38.5299     18.3945
9.2060     24.4186     11.5105
18.1605     47.3086     18.8471
11.8770     30.7750     15.7274
7.4285     16.8777     12.3720
6.7873     16.1815     11.6371
11.4474     29.3526     11.6042
9.3296     21.4908     9.0179
12.1420     31.4245     17.4507
11.4197     28.1888     11.8824
9.7815     23.8916     11.9262
7.4596     19.7155     12.9210
5.4555     14.3050     7.9608
8.6605     21.1097     11.7060
12.5692     33.1620     13.7785
10.6423     24.9841     11.0138
6.2628     16.5809     11.3889
10.5195     27.1885     10.9414
11.1560     27.4256     14.4343
7.3484     18.8603     11.2308
10.4612     24.2763     12.9726
10.1746     26.8226     14.6964
6.5711     16.1504     12.7633
11.0734     26.8993     13.4819
11.6824     30.7794     14.7459
13.2492     32.0664     14.9987
13.1614     30.7908     14.9256
5.8670     12.3325     7.9234
7.1865     18.8753     11.5576
11.5451     26.9421     11.2956
11.5414     31.4856     15.0130
11.5451     25.7400     8.9326
21.5582     56.4402     27.7815
11.7127     29.5982     12.1356
13.4067     33.3717     14.2235
12.8620     31.3376     13.1989
11.9542     30.4841     16.8322
9.0542     22.5790     11.6083
12.2769     32.3472     18.6410
7.6815     19.3752     9.9353
9.2895     23.4493     13.1700
8.5439     20.8144     9.7281
10.2456     25.5286     17.4185
16.9440     42.8216     16.5493
4.3982     8.4303     7.0860
12.0588     28.1247     14.2968
5.1619     14.0195     10.8490
8.5842     21.7168     11.7018
13.2669     32.8912     15.1331
10.1928     25.5098     13.2640
6.7668     17.4383     10.5365
7.8541     18.8256     12.5633
12.0388     28.9295     18.1181
7.8089     19.8160     10.3672
10.6494     25.1559     9.6058
10.1367     25.9542     13.4227
8.0452     17.5591     14.5525
16.4318     42.6233     17.7731
11.9018     30.4633     18.3668
3.9246     10.1955     11.8023
10.5594     27.8724     13.5195
8.0146     22.5348     14.5482
12.5573     32.9148     19.5199
7.6224     16.2948     8.1306
9.6558     22.2201     10.7820
11.5150     27.8502     12.2988
12.5973     31.5323     13.0796
6.3991     16.7743     9.4419
8.9965     21.4026     8.8784
8.5752     21.7181     12.1524
8.0400     18.9670     8.9856
15.2964     37.3236     16.9708
11.2149     25.9274     9.1722
6.2173     14.1585     9.5278
12.7536     29.8564     15.2479
16.3665     39.4524     12.9347
13.0974     34.3240     17.4904
5.4419     12.1806     10.6696
8.5473     25.3168     12.5774
13.8007     35.2418     19.9777
7.8770     19.9697     12.3614
11.3315     27.0411     11.6251
12.3239     31.8602     15.5880
7.2192     17.1846     11.2013
9.8214     24.7366     13.1556
0.2762     4.5306     9.3706
6.9268     17.1730     8.5849
9.2423     24.8296     14.1117
6.2567     14.5869     6.3341
14.8972     37.1906     16.6533
5.7096     16.9301     9.8848
8.6799     20.7592     9.7205
10.3922     28.6992     17.9609
14.3238     36.8712     19.4910
5.6924     13.3873     10.0972
13.4895     34.6723     14.3659
10.0307     26.5356     13.5588
7.0555     18.5714     13.8167
11.3863     26.1104     12.5082
10.5972     25.4022     17.2438
8.1993     20.1271     12.0491
10.2094     25.4119     13.4623
8.8441     23.0412     12.2018
10.3406     26.1179     13.7528
11.9864     27.9630     12.6818
14.7581     37.4654     18.6789
6.2866     16.6323     12.6754
16.3991     41.8374     17.2190
4.1437     11.9805     6.9495
9.5446     25.1125     9.9640
11.7650     30.1011     15.9790
10.8430     27.0022     11.3834
8.1319     17.8383     5.2066
9.3756     24.0835     13.7932
8.5210     21.6140     17.0520
8.2319     20.9871     11.8993
12.5488     29.4569     15.1839
11.0710     26.0560     12.7232
7.9213     21.3829     12.4030
12.6988     31.6877     16.9497
10.9219     28.3270     13.9748
12.4386     31.1389     15.5196
11.8889     29.7669     15.1902
7.5130     20.1900     10.8002
8.3195     20.0246     13.0204
12.2419     30.7489     14.5589
11.8311     28.8844     12.3987
9.9373     24.1915     13.5015
10.3520     25.4162     11.1136
13.8330     34.9157     16.3893
8.2253     19.8451     10.9875
11.6413     30.9869     17.9917
9.3934     22.1416     12.3906
9.3470     23.0871     12.2033
13.2963     32.5812     16.7449
12.4762     33.3611     19.4978
12.4405     31.3962     16.3039
13.9164     36.3389     17.3921
10.0630     22.9292     8.6441
12.0459     30.5152     12.8269
9.0692     24.0074     12.7125
10.9725     27.5547     12.6577
9.6096     25.6221     13.5923
10.2910     24.9515     12.7253
11.7855     31.5777     17.1790
7.5453     22.3117     13.6540
16.2772     40.1486     18.5593
6.9819     16.7866     10.1799
6.3574     18.0737     7.8791
13.4743     36.0552     15.7963
12.3750     30.1532     13.9844
11.8724     29.0506     11.5743
11.8850     29.2899     15.3697
9.9633     22.8915     14.4188
7.3082     16.8926     12.1817
10.2274     24.0623     11.5501
7.9685     18.7696     13.4349
12.9254     32.2614     15.5960
9.5588     24.2484     12.2539
7.5235     21.1345     11.6526
9.0358     21.0921     10.4257
11.2388     29.5735     14.3959
8.3088     20.4511     11.7311
7.5333     18.7592     11.2885
10.7311     27.8399     14.4007
10.7349     25.1532     13.1145
8.4792     21.7715     14.6235
8.5869     21.7169     13.9684
10.6961     27.4791     11.1781
5.6557     14.5731     4.7638
5.7776     18.1270     14.4371
7.8447     18.6551     7.7767
9.3597     22.6027     11.4010
10.9327     26.3971     10.6582
14.4261     35.2320     12.2703
12.5730     30.4764     15.3764
9.5202     25.5840     15.5613
9.9430     26.9881     13.5059
6.9924     16.6249     4.7269
9.9445     23.6126     10.8643
9.1340     23.5422     13.6565
10.9682     26.5921     10.1540
7.5183     19.7452     12.1409
11.5580     29.1995     14.4593
14.5982     34.2219     16.0183
9.6737     26.5056     14.8351
11.2051     30.7067     14.1730
12.0704     29.2569     16.3141
8.7963     21.4093     11.2548
10.6723     27.1095     13.8263
10.0378     25.5961     11.5650
10.2930     26.7204     13.1381
7.6810     22.2177     11.7874
10.0735     24.9184     12.5006
11.4940     27.5375     16.6607
14.3534     33.8146     12.0838
12.8778     31.0981     11.1980
16.4595     41.0992     21.0702
7.6980     21.9367     12.8932
12.6170     30.7660     13.1343
10.5500     26.7107     15.7884
16.5694     41.3989     17.0246
7.5751     20.7204     16.1382
7.4808     22.4925     15.3728
8.2018     19.7083     9.9486
3.6283     8.3366     11.6299
8.4227     22.6231     11.7798
7.7226     20.3293     13.4805
10.4512     28.8980     16.1756
11.0253     28.4391     17.1244
15.6285     38.5323     20.1947
12.8513     33.0142     16.0538
8.2693     22.3363     11.4390
7.3048     19.4926     12.7483
11.4758     29.4503     13.4339
6.0393     16.6983     15.1382
15.4944     40.4899     19.0717
13.5383     35.9190     16.7586
8.5925     22.4542     13.0218
4.8606     11.9008     5.9937
14.0616     35.3741     14.4821
9.6564     25.9507     16.5737
13.7134     33.0582     13.6766
5.2167     13.5948     7.5220
8.2019     19.9147     12.1628
10.0157     25.0824     15.4185
10.1409     27.2700     16.0848
8.6498     21.9112     14.1413
11.8685     29.7410     13.0370
6.7971     14.9531     5.9623
9.5729     25.0515     16.5565
10.3609     26.8704     13.4179
11.5433     32.1032     16.3289
12.1348     29.8754     16.9949
6.6261     16.8939     11.6763
5.3977     13.8682     10.5292
13.8330     36.9488     22.2894
10.9969     27.3494     12.3962
7.7545     19.8049     13.3941
14.6535     37.5455     17.5663
10.3470     26.1475     14.0387
13.5379     33.1751     18.3515
10.2026     25.7975     14.4106
16.1822     42.0661     20.3107
15.2660     36.6253     18.1260
9.2531     23.3322     11.8321
12.9147     31.2366     12.8132
11.9361     31.6329     13.8933
14.1059     32.9800     10.5242
7.1052     16.9247     14.1259
12.0582     30.7112     12.8928
13.1753     35.2865     16.9763
4.7238     11.7108     8.1465
6.4502     15.2928     10.1088
3.8823     12.5275     11.9947
9.1918     20.8074     12.3368
12.1526     27.0834     10.9174
14.5071     36.9277     16.7994
10.2223     24.8026     13.1405
14.8858     35.6828     15.1858
5.8597     15.7118     13.7525
4.8899     12.5903     10.1864
9.8334     23.7373     13.6595
11.1522     25.9600     13.7112
9.9019     26.0635     16.3154
3.7977     10.4695     9.1804
9.7326     24.1828     10.0734
6.0866     17.9864     12.8846
12.0090     28.4174     12.0204
11.0998     25.4612     10.9920
7.1804     16.9130     11.0867
8.4584     21.0776     14.1886
6.8224     17.4209     10.7924
9.8120     24.1681     13.1778
12.8654     32.6917     19.1192
7.0428     15.7297     9.6139
11.5121     30.9460     21.1456
8.4092     20.8998     12.7598
7.6214     20.7294     8.9163
9.6789     24.7114     14.6611
6.8943     17.9208     11.8258
8.3391     21.7023     14.9345
6.4064     16.6875     12.0087
15.8942     40.6995     18.2097
10.1058     27.2582     12.2310
7.9008     20.0468     11.1384
10.6419     27.6684     12.6633
9.6630     24.0229     11.4617
9.3371     25.5029     15.3750
11.8425     28.5917     17.0021
12.2725     33.3827     17.7685
8.4085     20.9610     9.2868
8.2725     18.5352     10.7903
9.1748     23.1293     14.8869
3.0942     6.7140     5.4386
5.4544     14.8970     10.1043
14.1006     34.2726     15.5267
14.9349     36.6680     14.8427
9.2529     20.2979     11.4314
11.7297     28.6457     13.5991
10.9338     23.6986     11.6774
19.2366     45.7158     16.7136
13.3587     34.5374     15.7246
9.6162     25.2193     15.0807
7.1334     18.4716     10.4716
5.1807     11.5012     11.4381
10.6104     26.4544     12.6318
7.7309     19.3220     11.6298
5.7332     12.5956     10.0617
8.0603     22.4058     10.4156
6.7554     18.2044     7.9355
15.0614     37.3221     13.7327
12.6449     31.6526     17.6734
9.9761     25.2528     12.1272
14.4398     33.0370     19.2182
10.2321     25.2095     11.7606
7.4161     17.5174     10.4836
14.5694     34.9210     18.5378
11.6167     28.6202     17.9682
6.8883     19.9172     16.7908
9.4290     24.5337     15.7289
7.3731     17.5761     12.2612
5.8516     15.4879     11.5534
