14.894690 0
30.891170 0
-3.824770 0
-2.996210 0
-33.026325 0
-13.639349 0
19.369974 0
42.038988 0
-19.558524 0
9.006357 0
7.607904 0
17.839351 0
55.968691 0
-16.304436 0
-13.584610 0
-4.632592 0
-11.854338 0
30.834250 0
-44.183077 0
8.651594 0
-8.113178 0
-19.918901 0
78.192253 0
-41.386158 0
-4.661884 0
38.969290 0
7.662620 0
-65.751600 0
7.997807 0
43.877701 0
8.616527 0
-6.581815 0
22.103351 0
22.985762 0
-24.853414 0
-13.104530 0
2.426134 0
9.104570 0
-2.779296 0
14.973327 0
5.185837 0
-0.676060 0
-32.973432 0
29.870510 0
-20.659435 0
-38.885782 0
24.923112 0
-0.148470 0
-5.621321 0
7.341099 0
21.655016 0
27.564807 0
57.717108 0
-15.358843 0
77.311324 0
-19.580255 0
-18.800623 0
24.619886 0
-14.743032 0
-9.530647 0
-8.886201 0
20.127149 0
-7.119223 0
-0.860557 0
17.203434 0
16.258295 0
-19.170458 0
12.915602 0
-16.927559 0
7.508040 0
4.220282 0
0.275862 0
-7.904252 0
-2.184208 0
-0.437026 0
-11.588705 0
0.476638 0
-5.236336 0
2.481123 0
-13.739445 0
-5.105359 0
-17.434555 0
-23.242441 0
35.102521 0
-37.246102 0
-26.143956 0
23.365475 0
-50.488699 0
-5.009448 0
-11.154302 0
-39.181760 0
14.567780 0
28.677539 0
7.690788 0
-13.101844 0
-12.255823 0
-16.426742 0
-40.763209 0
22.350966 0
31.007239 0
-2.778516 0
1.936690 0
9.555694 0
31.656912 0
-21.412463 0
-12.266745 0
12.467903 0
-61.496412 0
28.903396 0
-25.737725 0
12.536640 0
30.276059 0
25.619015 0
-23.014780 0
12.910466 0
6.882264 0
12.985050 0
-10.810028 0
-26.059824 0
-6.123362 0
-35.660973 0
-31.827803 0
7.984755 0
-9.923400 0
-26.537457 0
-25.528609 0
-5.224434 0
-42.516351 0
-0.628238 0
3.018977 0
-5.626792 0
-2.077772 0
23.310882 0
-33.269185 0
8.543539 0
-30.316044 0
-32.685704 0
28.673277 0
-18.577925 0
6.192937 0
-10.862086 0
-19.996212 0
19.199821 0
26.621586 0
4.392745 0
1.320378 0
12.185655 0
-7.974656 0
1.965696 0
-16.212117 0
-13.205939 0
15.132053 0
6.113848 0
-6.793283 0
-15.268716 0
-8.859274 0
-35.488799 0
-40.603655 0
39.089313 0
-2.718048 0
5.330827 0
23.210301 0
37.494250 0
55.499609 0
7.746044 0
6.924267 0
-5.024954 0
-0.547118 0
-21.126735 0
-26.053951 0
17.952261 0
16.250972 0
-33.100158 0
21.658493 0
-40.803886 0
-53.280564 0
11.077765 0
-0.924264 0
-6.913226 0
31.474339 0
-49.344154 0
52.822190 0
-1.139384 0
5.527520 0
-52.764544 0
2.590129 0
34.351170 0
-12.013954 0
-6.711813 0
-26.608419 0
37.141271 0
-18.888135 0
-24.595252 0
15.460347 0
23.567806 0
19.626494 0
-28.375274 0
-24.437690 0
14.513694 0
-21.232324 0
-24.550263 0
9.360334 0
-29.593529 0
10.919635 0
14.424665 0
7.835407 0
-5.519502 0
52.984962 0
26.558718 0
58.289572 0
-13.372591 0
-25.872606 0
-37.438878 0
47.148488 0
0.128824 0
29.557240 0
33.122456 0
6.004563 0
30.500667 0
-48.880906 0
42.932756 0
29.262437 0
6.651777 0
1.668651 0
2.338922 0
30.564137 0
-2.856119 0
-8.154594 0
-13.097950 0
0.122153 0
-31.165089 0
39.211914 0
-28.097147 0
-22.135670 0
-9.191814 0
-11.458550 0
-25.230145 0
-14.671505 0
30.084642 0
-27.454309 0
-4.627971 0
-27.969721 0
-7.662617 0
31.317023 0
29.974707 0
-14.018160 0
-23.245410 0
35.235992 0
11.890692 0
-27.659117 0
5.444182 0
-39.335414 0
-16.926595 0
-21.615065 0
22.567159 0
-43.174604 0
-19.419319 0
-8.157849 0
-18.919755 0
-8.313254 0
-33.704873 0
0.778437 0
3.030017 0
5.796739 0
-0.734574 0
2.563728 0
48.120413 0
-20.170896 0
21.497135 0
7.600885 0
11.507336 0
-14.491069 0
46.494857 0
35.304451 0
-59.455716 0
-34.723025 0
-42.318934 0
7.427663 0
-31.696873 0
6.374395 0
13.121110 0
49.824637 0
2.063495 0
11.138790 0
57.685599 0
17.731821 0
10.444557 0
21.932932 0
-20.276058 0
4.271730 0
-8.452993 0
-22.521348 0
-7.818327 0
39.538052 0
-13.996233 0
9.764243 0
42.202616 0
9.504299 0
-10.576691 0
-9.055235 0
38.888526 0
-3.799890 0
-20.067201 0
20.533085 0
6.035204 0
-5.693504 0
-11.820649 0
-25.585818 0
-2.100597 0
33.731185 0
27.818608 0
-3.771180 0
49.514906 0
-1.178762 0
-4.728910 0
-10.561186 0
8.649017 0
2.740589 0
21.208661 0
15.817990 0
-18.560348 0
19.858168 0
-4.127481 0
-26.044614 0
-42.564349 0
-35.112009 0
10.913652 0
35.656845 0
7.468337 0
7.605331 0
4.066922 0
16.463767 0
2.268673 0
46.883498 0
-13.901488 0
-50.926866 0
-44.264631 0
-11.612265 0
-23.402991 0
19.400126 0
4.841867 0
-53.787536 0
-4.352498 0
-35.289883 0
-1.194609 0
-13.531034 0
-25.084402 0
-15.737115 0
27.646864 0
6.487252 0
-51.291210 0
2.157501 0
-30.156086 0
2.848474 0
31.502663 0
29.139224 0
38.022739 0
33.942242 0
9.246807 0
19.501441 0
35.126145 0
17.367342 0
10.193030 0
-10.891756 0
-15.473112 0
-1.214722 0
-21.228566 0
-4.218682 0
-4.996605 0
25.111227 0
11.340243 0
1.488617 0
16.905126 0
-46.538260 0
-8.869064 0
-13.140751 0
1.492252 0
-6.469175 0
-37.091960 0
19.608647 0
-34.764875 0
39.005501 0
-15.710829 0
-20.438311 0
-28.543603 0
-25.630838 0
34.449235 0
9.578873 0
-39.685985 0
-30.258269 0
15.755335 0
22.996007 0
-10.703813 0
7.271202 0
4.821152 0
24.478215 0
-7.009955 0
-22.675016 0
-2.612404 0
-19.055555 0
0.537717 0
-68.589212 0
-17.217124 0
-36.407370 0
44.937581 0
19.450515 0
10.390500 0
19.550639 0
50.843900 0
4.800330 0
-33.727349 0
-16.429916 0
-9.362930 0
-17.808407 0
3.289900 0
-28.170235 0
4.951306 0
-10.151906 0
28.338211 0
5.153702 0
-8.243001 0
11.275784 0
19.807228 0
46.349802 0
-9.720078 0
-3.864911 0
-14.164975 0
-7.782301 0
-43.280941 0
-1.485077 0
-22.947398 0
-2.915825 0
-0.023553 0
8.120813 0
-12.160668 0
-0.626907 0
26.935689 0
-2.471812 0
26.710929 0
0.760591 0
-32.256516 0
-10.904308 0
33.664627 0
39.469982 0
59.200009 0
8.957163 0
4.246152 0
52.304525 0
14.068414 0
48.874630 0
23.423182 0
-23.298446 0
-2.930401 0
-34.804490 0
-20.616920 0
13.205118 0
-34.605484 0
-21.120567 0
43.809864 0
9.262565 0
14.088261 0
9.617255 0
-6.105936 0
-26.032806 0
-7.051968 0
12.547261 0
-15.594134 0
18.603493 0
-18.171893 0
13.802172 0
-30.557553 0
-1.582261 0
15.136991 0
35.340002 0
-7.567096 0
14.578779 0
-25.188439 0
-13.769834 0
-6.458001 0
10.807740 0
-17.612465 0
23.152321 0
49.925507 0
38.643472 0
-5.004827 0
-53.639727 0
-29.532902 0
-3.556830 0
9.627719 0
6.064698 0
-0.321631 0
5.887362 0
-32.969867 0
46.238453 0
-21.563549 0
8.346358 0
29.616448 0
20.003849 0
6.156761 0
-25.741161 0
