-2.5092	9.0143	0	0	1
4.6399	1.9732	0	1	1
-6.8796	-6.8801	1	0	0
-8.8383	7.3235	0	0	0
2.0223	4.1615	0	1	1
-9.5883	9.3982	0	0	0
6.6489	-5.7532	1	0	0
-6.3635	-6.3319	1	0	0
-3.9152	0.4951	1	0	1
-1.3611	-4.1754	1	0	0
2.2371	-7.2101	1	0	0
-4.1571	-2.6728	1	0	0
-0.8786	5.7035	0	1	1
-6.0065	0.2847	1	0	0
1.8483	-9.0710	0	0	0
2.1509	-6.5895	1	0	0
-8.6990	8.9777	0	0	0
9.3126	6.1679	0	0	0
-3.9077	-8.0466	1	0	0
3.6847	-1.1970	1	1	0
-7.5592	-0.0965	1	0	0
-9.3122	8.1864	0	0	0
-4.8244	3.2504	1	0	1
-3.7658	0.4014	1	0	1
0.9342	-6.3029	1	0	0
9.3917	5.5027	0	1	0
8.7900	7.8965	0	0	1
1.9580	8.4375	0	1	1
-8.2301	-6.0803	1	0	0
-9.0955	-3.4934	1	0	0
-2.2265	-4.5730	1	0	0
6.5748	-2.8649	0	1	0
-4.3813	0.8539	1	0	0
-7.1815	6.0439	0	0	0
-8.5090	9.7377	0	0	0
5.4449	-6.0257	0	0	0
-9.8896	6.3092	0	0	0
4.1371	4.5801	0	1	1
5.4254	-8.5191	0	0	0
-2.8307	-7.6826	1	0	0
7.2621	2.4660	0	1	0
-3.3820	-8.7288	1	0	0
-3.7804	-3.4963	1	0	0
4.5921	2.7511	0	1	0
7.7443	-0.5557	0	1	0
-7.6081	4.2649	0	0	0
5.2157	1.2255	0	1	0
5.4193	-0.1241	0	1	0
0.4547	-1.4492	1	1	0
-9.4916	-7.8422	0	0	0
-9.3714	2.7282	0	0	0
-3.7129	0.1714	1	0	0
8.1513	-5.0142	0	0	0
-1.7923	5.1110	0	1	1
-5.4240	-8.4604	1	0	0
-4.2050	-6.7756	1	0	0
8.5940	6.1624	0	1	0
2.6681	7.4292	0	1	1
6.0734	-6.2686	0	0	0
7.8512	0.7868	0	1	0
6.1488	7.9218	0	1	0
-3.6399	-7.7990	1	0	0
-5.4413	-1.4578	1	0	0
6.3603	7.2146	0	1	0
-9.8610	0.2149	0	0	0
-1.6518	-5.5578	1	0	0
-7.6027	-3.2477	1	0	0
8.8582	-3.5359	0	0	0
0.3758	4.0604	0	1	1
-2.7274	9.4356	0	0	1
9.2489	-4.9644	0	0	1
-0.0550	-3.9824	1	0	0
-4.3032	-9.2623	1	0	0
2.1913	0.0536	1	1	1
-8.9704	-4.4271	1	0	1
8.1653	-5.2088	0	0	0
-7.1021	-0.2109	1	0	0
9.7130	-5.1589	0	0	0
3.4427	5.2324	0	1	1
-5.2472	4.5643	0	0	1
-2.6443	2.6461	1	1	1
2.6706	0.7155	1	1	1
-8.1942	6.7060	0	0	0
-3.5844	-6.2696	1	0	0
-9.1845	1.8179	0	0	0
3.5513	-9.6682	0	0	0
0.2419	-5.4701	1	0	0
2.9035	-6.5127	1	0	0
3.8188	-2.2653	1	1	0
8.7346	-7.2496	0	0	0
-3.1787	-7.7305	1	0	0
8.4939	7.5468	0	0	0
-4.8412	3.1997	1	0	1
6.3444	1.1040	0	1	0
0.5930	-5.1630	1	0	0
-8.1379	7.9443	0	0	0
8.0084	2.6620	0	1	0
-3.2194	-3.0158	1	0	0
4.5191	7.9422	1	0	1
7.7417	5.5975	0	1	0
2.8406	-8.3172	0	0	0
-6.7674	7.9711	0	0	0
2.1286	-9.8161	0	0	0
-7.9706	3.2700	0	0	0
-9.8988	-6.7838	0	0	0
0.9747	3.8379	0	1	1
3.0392	-5.5146	1	0	0
4.2436	-5.2550	0	0	0
-3.4920	4.9298	0	1	1
2.9927	6.9845	1	1	1
3.1523	1.3662	0	1	1
-8.1265	-2.6457	1	0	0
-4.6960	-5.1202	1	0	0
9.4602	-2.1380	0	0	0
7.8409	2.6228	0	1	0
5.8962	0.0527	0	1	0
1.5381	-0.1496	1	0	1
-6.0951	4.4490	0	0	0
-4.3846	-9.5137	1	0	0
2.9094	-6.4578	1	0	0
8.8092	9.0786	1	0	0
8.2973	-2.5968	0	0	0
-9.6909	8.5664	0	0	0
-1.4363	9.3331	0	0	1
9.2724	7.0602	0	0	0
-4.1110	-2.2980	1	0	0
7.0227	-3.6616	0	0	0
-6.6101	1.1360	1	0	0
8.7231	3.9206	0	1	0
1.4012	-8.0565	1	0	0
2.3001	9.8011	0	1	1
-7.1983	0.3666	1	0	0
7.5475	4.8154	0	0	0
3.9403	4.0497	0	1	1
-2.8102	-4.1282	1	0	0
6.1872	6.2023	0	1	0
7.3414	8.2648	0	1	0
0.2268	0.0303	1	1	0
5.9659	2.9993	0	1	0
4.0393	5.9159	0	1	1
7.8001	-3.2401	0	1	0
-2.4883	-8.1204	1	0	0
1.5656	-9.2812	0	0	0
-0.6880	0.8529	1	1	1
-4.2692	1.8167	1	0	1
-9.3900	-9.2530	0	0	0
6.4520	-2.7962	0	1	0
-7.4588	0.4449	1	0	0
5.3999	-5.6836	0	0	0
2.4578	-8.2931	0	0	0
-8.9664	0.6271	1	0	0
0.8127	2.7486	1	1	1
4.5218	9.5170	0	1	0
0.3260	-3.5409	1	0	0
5.9037	-4.5834	0	0	0
-1.2206	-8.4309	1	0	0
-9.4930	9.2530	0	0	0
6.7196	3.9195	0	1	0
-1.8209	-6.5341	1	0	0
-6.8713	-4.9951	1	0	0
0.9845	4.2919	0	1	1
3.2039	-4.4013	1	0	0
9.0973	4.7579	0	1	0
1.0871	2.2344	1	1	1
-1.6080	-5.0454	1	0	0
-2.8805	5.1569	0	1	1
-9.7121	-7.6785	0	0	0
-9.0799	-9.1854	0	0	0
7.1092	4.0732	0	1	0
-0.5165	-8.0433	1	0	0
-0.1677	-0.5306	1	1	1
-6.5360	-1.3230	1	0	0
-2.0299	2.3170	0	1	1
2.7019	-9.0939	0	0	0
-2.5077	2.5172	1	1	1
0.0627	7.1298	0	1	1
3.1739	-6.7413	1	0	0
-8.5886	2.8484	0	0	1
-9.4698	1.7155	0	0	0
8.8046	1.5095	0	1	0
-2.2366	2.8658	1	1	1
-0.8349	0.9123	1	1	1
8.8293	-2.2779	0	0	0
9.2238	8.1070	0	0	0
-6.0842	-8.6128	1	0	0
-7.9844	-9.6356	0	0	0
-8.1111	3.6601	0	0	0
-8.5762	-3.6205	1	0	0
6.8975	-9.5346	0	0	0
6.2894	-4.3629	0	0	0
-7.6367	3.9347	0	0	0
2.5789	7.5494	0	1	1
4.7014	6.0696	0	1	1
-4.3593	-6.4512	1	0	0
5.0123	6.1367	0	1	1
9.8101	-1.7476	0	0	0
-2.5596	5.5283	0	1	1
-3.1839	8.6151	0	0	1
7.1683	-1.4201	0	1	0
5.0174	5.0909	0	1	1
-7.9375	8.0511	0	0	0
0.1050	6.5291	0	0	1
-3.5990	7.9105	0	0	1
-2.2160	-9.7832	1	0	1
8.1076	-8.1743	0	0	0
-3.6137	9.0012	0	0	1
9.0121	1.4688	0	1	0
2.6367	-1.0311	1	1	0
-4.1358	-3.4267	1	0	0
3.4504	5.0475	0	1	1
5.8316	5.7924	0	1	0
-8.1759	-0.1116	1	0	0
-8.8488	0.9906	0	0	0
-1.1694	7.7541	0	1	1
-2.9817	-7.6587	1	0	0
-7.1402	5.2302	0	0	0
2.3644	-7.9775	0	0	0
-8.3179	4.0194	0	0	0
-8.5447	6.4372	0	0	0
4.1248	-8.3730	0	0	0
-8.3032	9.7328	0	0	0
-2.5146	-2.5872	1	0	0
6.2560	8.9450	0	1	0
9.7200	5.0676	0	0	0
-2.4748	-8.3300	1	0	0
5.5429	1.1681	0	1	0
-1.5156	8.1271	0	1	1
-7.7761	-0.1475	1	1	0
-9.7729	-0.6268	0	1	0
-8.8739	-7.6236	0	0	0
-7.6495	2.9842	0	0	1
4.9209	1.6674	0	1	1
9.2435	-2.5026	0	0	0
-4.2858	7.3720	0	0	1
-5.5281	9.2645	0	1	0
-9.7569	9.3976	0	0	0
-9.1368	7.8229	1	0	0
0.5540	9.8593	0	0	1
-8.5241	1.0771	0	0	0
9.3861	0.4620	0	1	1
2.5880	3.9150	0	1	1
-0.9092	2.5512	1	1	1
1.6863	8.0232	0	1	1
-9.0911	-4.3807	1	0	0
9.0082	7.8053	0	0	0
-0.8869	2.4027	1	1	1
-4.4524	-6.2376	1	0	0
-0.7260	-2.9330	1	0	0
1.6731	-8.4453	0	0	0
9.4879	9.7242	0	0	0
3.9632	0.7219	0	1	1
-3.8094	6.2759	0	0	1
3.6946	-6.7477	0	0	0
8.2185	6.4507	0	1	1
8.9960	4.5144	0	1	0
2.2683	-1.6351	1	1	0
8.6546	7.3213	0	0	0
-9.0956	-9.4727	0	0	0
-2.4707	6.2111	0	1	1
9.7455	-6.9917	0	0	0
1.8826	-2.3822	1	1	0
9.3983	6.8424	0	0	0
6.7666	-0.6261	0	1	0
-1.7036	-4.5319	1	0	0
-8.8725	7.2944	0	0	0
6.2580	9.9944	0	0	0
9.9327	1.1086	0	0	0
5.3797	8.8953	0	1	0
6.9929	-5.0530	0	0	0
-0.9891	-7.4168	1	0	0
9.0810	2.1235	0	1	0
-5.4271	3.4340	1	0	1
2.3626	-2.8367	1	0	1
-7.7288	3.4315	0	0	0
0.4062	5.4464	0	1	1
0.4033	7.0436	0	1	1
1.0381	1.2188	1	0	1
7.5331	-1.9303	0	1	0
-7.3197	-9.4243	0	0	0
5.1027	2.4062	0	1	1
4.0816	-5.7407	0	0	0
-7.2726	-9.7091	0	0	0
-2.9882	1.7984	1	1	1
-2.1551	-1.2505	1	1	0
8.0832	-3.0349	0	0	0
0.2798	5.6731	0	1	1
-2.0691	2.4417	1	1	1
7.2473	8.9904	0	0	0
-7.0585	8.5318	0	0	0
-0.1577	-4.8351	1	0	0
-0.8173	9.6007	0	0	1
-0.1476	-3.4250	1	0	0
2.6680	-5.1971	1	0	0
-8.4827	-7.4224	0	0	0
-7.4391	-6.9619	1	0	0
-7.2235	2.8175	0	0	0
-6.3624	-3.0867	1	0	0
7.9358	-0.5208	0	1	0
3.3512	-6.5536	0	0	0
-6.1542	-9.1826	1	0	0
-6.6213	-4.4282	1	0	1
-6.4598	-8.2259	1	0	0
-7.5873	-0.7844	1	0	0
-5.8733	-2.7146	1	0	1
0.0683	3.8079	0	1	1
-9.2138	5.9882	0	0	0
2.5580	-8.3648	0	0	0
7.4716	8.4174	0	0	0
-8.7784	-4.4624	1	0	0
6.1240	4.9652	0	1	0
-6.3096	-5.8130	1	0	0
-2.5906	-0.3095	1	1	1
2.3651	-2.6217	1	1	0
-0.7493	4.9494	0	1	1
-9.2663	-4.9513	1	0	0
4.2670	7.9041	0	1	1
0.2335	0.6423	1	1	1
-7.8566	-1.0518	1	0	0
0.6523	-5.1506	1	0	0
-4.6151	-2.4543	1	0	0
-9.5986	-3.5584	1	0	0
-5.7710	-3.4501	1	0	0
-7.6048	7.8105	0	0	0
1.8718	3.5820	0	1	1
5.7834	-0.0312	0	1	0
-8.2616	0.7421	0	0	1
1.7368	4.9088	0	1	1
-1.3668	-7.4484	1	0	0
-4.3245	-2.7384	1	0	0
2.9183	1.4156	0	1	1
-2.8781	9.7303	0	0	1
2.1155	-5.2555	1	0	0
-7.9644	-6.9428	1	0	0
-5.0808	-6.7864	1	0	0
-6.2687	-4.2981	1	0	0
-6.5325	7.9353	0	0	1
-8.3953	0.4902	1	0	0
-1.7921	9.6476	0	0	1
-7.7592	-2.0429	1	0	0
9.3894	7.3101	0	0	0
6.3414	-4.8419	0	0	0
-6.5822	3.3729	0	0	0
8.5875	1.1353	0	1	0
1.4323	-4.4004	1	0	0
5.3899	-6.2591	0	0	0
-3.5264	-1.4913	1	0	0
0.1522	-5.1518	1	0	0
-7.7033	2.2124	0	0	0
-4.2274	1.6248	1	0	1
-6.9127	-0.3772	1	0	0
0.6518	-8.9635	1	0	0
-3.2679	-7.3117	1	0	0
-8.7325	9.7992	0	0	0
-3.5529	6.1975	0	0	1
-4.9072	3.6301	1	0	1
5.2046	1.9128	0	0	0
-0.5685	-1.7632	1	1	0
-3.0226	8.5906	0	0	1
6.6124	9.3005	0	0	0
-7.5141	4.6173	0	0	0
8.7668	-6.3753	0	0	0
-8.6701	4.8224	0	0	0
1.4895	6.8366	0	0	1
-7.2046	5.9053	0	0	0
-5.9675	-6.7269	1	0	0
-6.7147	6.2915	0	0	0
3.3039	0.4613	1	1	1
-2.8234	7.5440	0	0	1
-2.1511	6.3320	0	1	1
-1.2173	-2.4611	0	1	0
-0.7464	-3.9724	1	0	0
4.9522	0.0544	0	1	0
-5.3557	7.9915	0	1	0
-2.3222	0.8711	1	1	1
8.1294	2.4848	0	1	0
-7.6620	8.7966	0	0	0
2.5542	-3.3019	1	1	0
-7.2146	5.8805	0	0	0
2.4015	0.6692	1	1	1
7.8779	5.7719	0	1	0
-6.9665	-3.7656	1	0	0
-5.0302	4.8789	0	0	1
-9.3294	1.3978	0	0	0
5.2492	7.5353	0	1	1
-3.1584	6.4251	0	0	1
-7.7874	6.9290	0	0	0
-7.4502	-2.0543	1	0	0
5.9459	-7.0017	1	0	0
-5.4150	4.4451	0	0	1
4.4007	2.8230	0	1	1
3.8790	0.8545	0	1	1
-4.9640	-3.0861	1	0	0
-6.3680	8.1690	0	0	0
1.6678	-1.9830	1	1	0
-0.7599	8.9457	0	0	1
-6.9330	1.7246	1	0	0
0.1178	2.2291	1	1	1
-9.6378	7.4425	0	0	0
8.6424	1.3027	0	1	0
3.9330	8.4500	0	1	1
4.1448	-6.9492	0	0	0
1.5258	2.1343	1	1	1
-1.5174	4.7289	0	1	1
8.6873	8.5114	0	0	0
-0.9832	-7.7352	1	0	0
9.6968	6.7780	0	0	1
-7.5067	8.4168	0	0	0
7.3979	0.3768	0	1	1
1.8255	-2.0199	1	1	0
-8.9048	-3.2961	1	0	0
6.0571	-9.9074	0	0	0
-3.3300	-2.0366	1	0	0
0.7479	8.3971	0	1	1
-3.0731	-3.0609	1	0	0
4.7500	-0.9556	0	1	0
-5.5079	-0.9512	1	0	0
-7.1829	-6.4723	1	0	0
-0.0326	-1.6215	1	1	0
8.2969	-2.7521	0	0	0
1.6118	2.6453	0	1	1
-9.7381	3.2707	0	0	0
-6.4393	9.2214	1	0	0
-7.0267	-1.7075	1	0	0
-8.2930	9.9375	0	0	1
0.0439	1.9077	1	1	1
-8.6585	4.9992	0	0	0
-5.8019	7.9611	0	0	0
-5.8972	-6.1862	1	0	0
-9.2690	-0.5587	1	0	0
1.2968	-8.6858	0	0	0
5.5106	-0.9342	0	1	0
0.4878	-1.1847	1	1	0
-1.9847	1.1928	1	1	1
-6.8952	-6.3614	1	0	0
7.2357	8.9223	0	0	0
-2.5338	-4.5851	1	0	0
2.8800	-1.8253	1	1	0
-9.4923	-6.8769	0	0	1
4.3194	3.1785	0	1	1
-9.4581	-5.5606	0	0	0
-5.3785	3.4379	1	0	1
-9.6058	-7.9178	0	0	0
5.9983	-6.4291	0	0	0
3.0549	-5.2363	1	0	0
-8.0112	-5.1366	1	0	0
4.4453	7.1139	0	1	1
6.6044	-2.0563	0	1	0
3.3617	-5.9003	1	0	0
-4.1370	7.9267	0	0	1
-9.7400	-8.2898	0	0	0
-5.8423	-9.4694	0	0	0
-6.3713	1.6608	1	0	0
-1.5715	7.8534	0	1	1
6.3489	-3.1637	0	0	0
-4.8115	-2.4062	1	0	0
1.8059	-4.6387	1	0	0
2.4830	-1.8118	1	1	0
1.0409	-1.2775	1	1	0
-4.1107	8.9691	0	0	1
5.2721	-7.1977	0	0	0
7.3694	-0.2514	0	1	0
7.8910	5.9971	0	1	0
-1.4957	-9.5506	1	0	0
-4.6265	0.8327	1	0	0
2.6696	-4.8422	1	0	0
-7.2129	6.6986	0	0	0
9.6880	0.5138	0	0	0
-6.5664	-4.5539	1	0	0
-9.6322	8.2860	0	0	0
-7.6450	1.5303	1	0	0
-4.5189	1.0836	1	0	0
3.0284	6.5948	0	1	1
-5.8716	-9.7801	0	0	0
-7.2623	8.0004	1	0	0
7.4778	1.9483	0	1	0
2.0103	3.3007	0	1	1
-6.4926	8.2882	0	0	0
-1.6246	-2.3372	1	0	0
0.3784	-9.0607	1	0	0
-6.6743	4.7607	0	0	0
-8.3440	2.0630	0	0	0
-5.0930	-2.2141	1	0	0
-4.2261	-2.8865	1	0	0
4.3809	-4.0576	0	0	0
1.3281	-0.4790	1	1	1
3.2734	8.7366	0	1	1
4.6514	-5.7012	0	0	0
-9.3763	-4.7547	1	0	0
1.9016	-8.9715	0	0	0
-0.0727	1.9369	1	1	1
-3.3151	5.4182	1	1	1
-7.8680	-8.4972	0	0	0
4.5638	-0.0902	0	1	0
3.7680	-1.3035	1	1	0
-5.0720	6.3820	0	0	1
5.9883	3.8939	0	1	0
-4.5571	1.8046	1	0	1
-2.7805	-8.1684	1	0	0
8.3463	-7.2636	0	0	0
9.0047	-1.0799	0	0	0
-6.2973	0.8380	1	0	0
7.4589	4.6445	0	1	0
6.1312	3.1757	0	1	0
3.8455	6.9839	0	1	1
-5.0066	-0.2115	1	0	0
-5.5758	9.7534	0	0	0
8.8812	-9.2115	0	0	0
4.1115	8.5050	0	1	1
-6.3885	1.3589	1	0	0
8.3098	-9.3211	0	0	0
3.9484	-4.0530	0	0	0
8.4879	9.4212	0	0	0
8.8853	-0.5157	0	1	0
7.2409	6.8910	0	1	0
-3.6180	6.5783	0	0	1
-9.2598	1.9254	0	0	0
-5.3998	-7.5887	1	0	0
-8.4609	3.9258	0	0	0
-3.2025	4.4953	0	1	1
-8.6929	-3.6942	1	0	0
0.7898	5.8145	0	1	1
-3.6249	2.5178	1	1	1
7.7196	2.3173	0	1	0
-5.3408	-9.5120	1	0	0
7.4020	-9.5746	0	0	0
7.4940	0.5787	0	1	0
8.7814	5.9757	0	1	0
9.9587	-2.9858	0	0	0
5.3438	-1.9614	0	1	0
-0.4025	2.5501	1	1	1
7.4735	9.6817	0	0	0
5.3655	-1.6447	0	1	0
-1.5729	4.7516	0	1	1
-5.2245	-7.7905	1	0	0
-2.9076	-4.2552	1	0	0
-4.0738	-5.3278	1	0	0
-9.1581	-9.6425	0	0	0
9.7544	-1.4445	0	0	0
-2.3135	3.5929	1	1	1
-5.6349	8.9992	0	0	0
5.7269	-8.2118	0	0	0
-1.6484	7.5824	0	1	1
8.8946	-0.6520	1	1	0
2.2682	-6.6593	1	0	0
9.8234	-5.3666	0	0	0
8.8546	2.9929	0	1	0
2.1547	0.2538	1	1	1
-5.3866	-6.4694	1	0	0
-5.5903	-6.2712	1	0	0
5.5917	-2.9975	0	1	0
-8.8431	9.3821	0	0	0
7.6757	8.5550	0	0	0
9.8982	-6.5221	0	0	0
-2.0752	5.1648	0	1	1
3.9204	-6.9221	0	0	0
6.3167	-5.5112	0	0	0
-5.5236	0.7395	0	0	0
1.8588	1.6017	1	1	1
-8.1703	7.5492	0	0	0
-4.6880	-7.4097	1	0	0
7.7750	9.1130	0	0	0
7.2426	6.1903	0	1	0
3.1048	1.0171	0	1	1
-8.2603	-1.8309	0	0	0
-2.5462	-4.8049	1	0	0
4.4684	-0.0825	0	1	0
-8.3791	-5.5963	1	0	0
3.6652	-8.4774	0	0	0
7.0241	-0.0971	0	1	0
-0.3883	1.8482	1	1	1
6.4936	-3.0438	1	1	0
3.5603	1.3146	0	1	1
-4.6594	7.5726	0	0	1
5.9485	3.1690	0	1	0
7.0116	7.3459	0	1	0
4.1673	6.7403	0	1	1
3.9494	3.6028	0	1	1
2.3722	5.0543	0	1	1
-6.8279	7.6174	0	0	0
7.4369	-9.4151	0	0	0
6.5163	-7.4226	0	0	0
-3.2976	4.8702	0	0	1
-6.7848	6.3593	0	0	0
6.6427	0.1494	0	1	0
-9.8723	-4.2592	1	0	0
2.3385	9.6237	0	1	1
2.6363	-4.8039	1	0	0
2.6801	0.7997	1	1	1
5.5969	-7.8604	0	0	0
5.2206	0.8253	0	1	0
9.2598	-3.1626	0	0	0
2.6524	8.6406	0	1	1
-7.9498	8.7446	0	0	0
3.7577	-8.6433	0	0	0
-3.9807	4.1634	1	0	1
-8.6530	1.6434	0	0	0
-3.0823	2.4183	1	1	1
-9.0852	7.4307	0	0	0
9.4698	9.3776	0	0	0
4.9930	-7.3983	0	0	0
5.1653	-9.5083	0	0	0
-9.5575	-3.5278	1	0	0
-0.2271	5.4081	0	1	1
3.6659	-1.0819	1	1	0
-4.5275	9.9425	0	0	0
-1.4764	-0.9723	1	1	0
-6.7275	5.8962	0	0	0
3.8736	-5.5846	0	0	0
-8.3524	3.6100	0	0	0
3.0902	-4.5348	1	0	0
9.0173	-6.9788	0	0	0
-1.3533	8.8723	0	0	1
-1.6055	2.7705	1	1	1
-2.0481	-4.5157	1	0	0
9.6796	-1.8133	0	0	0
7.8820	-5.4009	0	0	0
-5.7379	-9.3773	1	0	0
3.0333	-2.6295	1	1	0
7.2872	-0.5358	0	1	0
9.3639	-6.2895	0	0	0
7.3725	5.5319	0	1	0
5.4184	6.8957	0	1	1
5.2205	2.5244	0	1	1
-7.3751	-9.3495	0	0	0
8.4170	2.3330	0	1	0
5.9307	-0.3696	0	1	0
-7.6538	-7.4963	1	0	0
3.7113	-1.3939	1	1	0
-5.9895	-0.1681	1	0	0
-8.7158	1.6394	0	0	0
-4.6201	5.9512	0	0	1
-3.7928	-0.8956	1	0	0
-9.7676	-8.5511	0	0	0
-2.1501	-0.4012	1	1	1
2.0004	-4.1667	1	0	0
3.8996	7.2024	0	1	1
5.5970	-9.2076	0	0	0
-0.3899	-7.9014	1	1	0
-5.1591	9.7333	0	0	0
-7.1501	-0.0222	1	0	0
2.3631	4.0493	0	1	1
1.1930	-9.8046	0	0	1
-3.4708	0.3542	1	1	1
-8.2427	-2.9875	1	0	0
-9.3359	-8.4284	0	0	0
-2.0615	-7.3457	1	0	0
1.3508	3.7893	0	1	1
6.0117	-5.9970	0	0	0
-6.6503	-7.9086	1	1	0
2.7286	4.1295	0	1	1
-9.3683	8.7242	1	0	0
-8.9606	0.8259	0	0	0
4.1812	7.4194	0	1	1
4.2817	6.0346	0	1	1
-3.2110	6.2965	1	0	0
-8.3977	7.8963	0	0	0
0.9518	6.3460	0	1	1
-0.9536	2.8716	1	1	1
0.5281	4.6318	0	1	1
-8.3674	-8.7930	0	0	0
-5.0579	-6.8091	1	0	0
7.4357	-5.6157	0	0	0
9.5173	-3.2621	0	0	0
-6.3576	5.7940	0	0	0
3.1742	-0.0361	1	1	1
1.1073	4.3840	0	1	1
-5.4309	9.9267	0	0	0
9.4959	3.0065	0	1	0
-6.0092	3.6046	0	0	0
-8.5560	-9.3869	0	0	0
-4.8463	-0.7475	1	0	0
7.3655	4.5434	0	1	0
4.8541	-1.4901	0	1	0
-3.0813	-2.5792	1	0	0
9.7530	-9.1978	0	0	0
7.3406	1.5735	0	1	0
-1.2277	4.5052	0	1	1
-0.2666	7.4685	0	1	1
8.0140	-1.5656	0	1	0
-4.4634	1.8470	1	0	1
8.2473	-5.7868	0	0	0
2.4593	2.6312	0	1	1
4.6623	-7.3686	0	0	0
4.3165	8.1807	0	1	1
-6.4063	-5.2491	1	0	0
9.4279	-6.3805	1	0	0
7.0877	-0.1544	0	1	0
-5.0554	7.4150	0	0	1
-1.0939	0.2963	1	1	1
-2.8153	1.8590	1	1	1
-6.7295	-2.1784	1	0	0
9.3882	-4.8373	0	0	0
3.1347	-3.4962	1	1	0
5.4695	-7.3825	0	0	0
9.3964	-0.9242	0	0	0
-5.2790	-8.5301	1	0	0
-6.6048	0.3955	1	0	0
-3.2599	6.5777	0	0	1
-1.3822	-5.0257	1	0	1
2.3429	4.1355	0	1	0
-6.6592	-6.6476	1	0	0
-9.2666	4.7280	0	0	0
3.2761	-0.5074	1	1	0
6.8834	6.1134	0	1	0
1.7071	7.3654	0	1	1
-5.8832	-7.7616	1	0	0
-4.6050	-8.8583	1	0	0
0.6234	8.7321	0	1	1
-9.2131	-7.5578	0	0	0
-0.9560	8.6775	0	1	0
-3.6769	0.1447	1	0	0
-9.1685	-7.0331	0	0	1
9.7326	9.3024	0	0	0
-9.9012	9.0362	0	0	0
2.7824	7.3584	0	1	1
-0.9052	0.3119	1	1	1
-0.2231	3.3373	1	1	1
-7.2070	-9.4005	1	0	0
-3.8414	4.0936	0	0	1
-5.9629	3.4686	0	0	0
9.3982	-8.1220	0	0	0
3.4520	-1.1250	1	1	0
7.3628	-6.4570	0	0	0
3.8525	6.7623	0	1	1
8.8923	3.6650	0	1	0
-0.0565	2.3569	1	1	1
7.3781	1.4122	0	1	0
-9.3923	8.6190	0	0	0
3.7905	3.5303	0	1	1
-5.6865	3.1777	1	0	1
-2.1227	3.0247	1	1	1
-7.8681	3.1569	0	0	0
9.9883	-9.0358	1	0	0
9.5435	-1.8618	0	0	0
7.4151	5.6477	0	1	0
1.3403	4.7690	0	1	1
7.5703	-1.9172	0	1	0
-3.4593	3.3519	1	1	1
6.1569	5.2457	0	1	0
5.9563	-1.2883	0	1	0
6.3567	-7.5958	0	0	0
0.8898	-9.8848	0	0	0
-3.5083	-2.6708	1	0	0
-2.0765	3.9093	1	1	1
-2.2288	-1.0261	1	1	1
-5.2491	-2.5350	1	0	0
-5.4546	-8.5361	1	0	0
2.0690	3.3643	0	1	1
2.3898	-0.7301	1	1	0
-2.4043	7.2667	0	1	1
0.3816	-0.4164	1	1	1
-9.4872	-3.1750	1	0	0
-2.3961	-2.0235	1	0	0
1.6034	0.6721	1	1	1
2.1581	5.2977	0	1	1
6.2597	4.3625	0	1	0
9.1105	-9.6353	0	0	0
-6.0844	-9.8487	0	0	0
2.9495	7.9606	0	1	1
-5.1304	8.5407	0	0	0
-8.7947	8.6887	0	0	0
-2.9675	-7.9716	1	0	0
-0.2826	-4.8645	1	0	0
-4.3025	-3.8542	1	0	0
6.0605	0.7832	0	1	0
-3.7738	2.2067	1	1	1
4.3230	-4.5475	0	0	0
-1.7290	-7.5623	1	0	0
-6.3770	3.6224	0	0	0
-6.3712	0.5033	1	0	0
4.1809	-7.8625	0	0	0
1.3462	-4.8687	1	0	0
9.2585	-0.3291	0	0	0
6.1199	1.0045	0	1	0
-9.1317	2.6630	0	0	0
9.0281	2.0322	0	0	0
6.3838	7.6841	0	1	0
-5.4384	-5.7591	1	0	0
2.2196	-1.7794	1	1	0
6.7972	8.0005	0	1	0
-2.9316	-5.2626	1	0	0
5.6105	-4.5039	0	0	0
6.4523	-1.5252	0	1	0
3.3510	-8.0893	0	0	0
2.4772	-0.9646	1	1	0
1.7322	-6.6397	1	0	0
4.7375	7.2559	0	1	1
-5.6652	-8.0857	1	0	0
-9.5272	2.8394	0	0	0
2.1419	0.9339	1	1	1
-5.3611	-2.1819	1	0	0
1.8895	-0.0647	1	1	1
9.7557	-7.2712	0	0	0
3.9029	-1.9136	1	1	0
-1.4360	4.3520	0	1	1
3.8487	9.8251	0	1	0
-7.4321	-7.9178	1	0	0
4.4868	1.5677	0	1	1
-4.5168	-8.4116	1	0	0
-8.2868	7.8838	0	0	0
-6.1627	-3.5326	1	0	0
-5.4669	-2.9001	1	0	0
-8.6115	0.3812	1	0	0
-8.6477	6.0071	0	0	1
-5.3258	0.8002	1	0	0
7.6016	3.0175	0	1	1
0.6592	-3.5133	1	1	0
-3.3400	3.3897	1	1	1
9.8828	3.2368	0	1	0
1.1557	4.6130	0	1	1
-0.6959	-8.7972	1	0	0
1.2459	9.1525	0	1	1
-6.4939	3.8001	0	0	0
-5.9813	0.7166	1	0	0
-8.0665	-0.9926	1	0	0
5.1233	-3.0486	0	1	0
3.2982	5.9090	0	1	1
8.5436	-5.3072	0	0	0
-2.0137	-6.9517	1	0	0
9.8497	8.5400	0	0	0
0.7991	6.8407	0	1	1
0.4192	2.4717	1	1	1
-8.2175	5.1054	0	0	0
-7.4457	6.5214	0	0	0
5.6406	4.1749	0	1	1
-9.2768	-3.9374	1	0	0
-4.7377	-2.7973	1	0	0
-8.2471	8.7392	0	0	0
1.0760	-3.8895	1	0	1
-2.0604	-1.0559	1	1	0
2.0119	0.3136	1	1	1
8.3878	-0.0607	0	1	0
9.8432	7.0285	0	0	0
-5.8298	8.6119	0	0	0
-7.6727	6.3490	0	1	0
-2.3875	7.5595	0	0	0
7.3611	6.1185	0	1	0
5.8006	-3.9064	0	0	0
-8.3816	-1.9404	1	0	0
-6.5295	3.8990	0	0	1
-3.0780	9.5122	0	0	1
2.8194	6.4496	0	1	1
-7.3495	7.2403	0	0	0
8.4551	-0.2588	0	1	0
2.1251	5.2962	0	1	1
-6.5032	0.0513	1	0	0
-2.0267	-7.0725	1	0	0
-2.6493	-8.6366	1	0	0
-9.4838	-7.2967	0	0	1
9.2623	0.9906	0	1	0
9.3164	-1.3500	0	1	0
-3.7637	0.1228	1	0	0
-1.2098	-7.8867	1	0	0
2.8165	-5.6792	1	0	0
2.3918	3.0040	0	1	1
-6.9595	-8.7730	0	0	0
5.6152	-0.8040	0	1	0
-8.8367	9.8973	0	0	0
-8.8444	3.9007	0	0	0
9.6736	-5.2164	0	0	0
-7.1550	-7.5723	1	0	0
-3.9345	-7.9791	1	0	0
3.8432	-8.7542	0	0	0
0.1884	9.9339	0	0	1
6.2794	2.3044	0	1	0
-3.8749	2.4779	1	1	1
0.5408	-1.4783	1	1	0
-7.3858	7.7321	0	0	0
-1.0043	-6.1075	1	0	0
-2.6448	-1.7174	1	0	0
6.5508	4.6723	0	1	0
5.3861	-9.7794	0	0	0
-1.6769	-0.3731	1	1	1
-9.6162	-4.8037	1	0	0
5.2058	-7.2578	0	0	0
0.7062	-5.6960	1	0	0
-9.7576	-5.1760	0	0	0
9.5175	6.0307	0	0	0
9.1915	-0.2429	0	1	0
-7.8053	0.9592	1	0	0
-0.9125	6.8871	0	1	1
-8.0383	-0.2352	1	0	0
-6.9990	-3.5065	1	0	0
4.7471	-0.4796	0	1	0
-2.4822	-2.1105	1	0	0
-0.8111	5.7003	0	1	1
7.8417	9.1067	0	0	0
5.7381	-3.6919	0	0	0
3.7627	-1.2479	1	1	0
-4.9066	6.8174	0	0	1
-9.2315	8.0352	0	0	0
-0.7705	2.7440	1	1	1
3.1871	7.9024	0	1	1
2.7334	2.2787	0	1	1
-8.6670	0.3682	1	0	0
-6.9966	4.7487	0	0	1
0.2444	3.6046	0	1	1
-9.1665	-8.3042	0	0	0
4.3265	-8.5583	0	0	0
-8.5749	-9.7578	0	0	0
9.1300	4.7502	0	1	0
-2.9350	-4.0693	1	0	0
-3.0059	5.4931	0	1	1
3.2274	-6.2961	0	0	0
-6.5178	-8.0321	1	0	0
3.2061	5.2875	0	1	1
-4.6991	-9.5811	1	0	0
-8.3566	9.3572	0	0	0
-4.0911	5.3845	0	1	1
2.4933	-2.3612	1	1	0
-5.8863	-7.5723	1	0	0
2.3003	5.4927	0	1	1
2.8781	0.6060	1	1	1
-9.1610	9.3698	0	0	0
5.9743	-4.1436	0	0	0
9.5994	2.0376	0	1	0
1.6485	4.9615	0	1	1
6.2354	3.1296	0	1	0
-7.4381	-3.2346	1	0	1
8.5617	-5.5077	0	0	0
-2.5567	-1.3585	1	0	0
-1.2119	2.2588	1	1	1
8.8615	-5.1861	0	0	0
-7.5700	-6.0506	1	1	0
7.7385	2.9162	0	1	0
-4.2819	6.3189	0	1	1
7.2274	6.9303	0	1	0
8.3785	-4.9552	0	0	0
5.1008	-0.7892	0	1	0
6.8400	4.5698	0	1	0
5.5289	3.1232	0	1	1
-6.4514	0.9005	1	0	0
9.6934	8.7478	0	0	0
-9.1365	-6.7037	0	0	0
-7.3654	4.5196	0	0	0
6.3557	-5.7298	0	0	0
0.1171	6.8141	0	1	1
4.6560	0.8447	0	0	0
1.8070	0.1672	1	1	1
-4.0490	1.3004	1	0	1
3.7777	7.4665	0	1	1
2.7258	5.2224	0	1	1
-6.7986	-0.7689	1	0	0
-9.8134	-5.0664	0	0	0
4.5292	9.8362	0	0	0
-8.0164	-1.9701	1	0	0
6.0014	-5.9193	0	0	0
1.1017	4.6614	0	1	1
2.3197	-6.2395	1	0	0
-2.8923	5.6758	0	1	1
1.0845	-9.8954	0	0	0
5.2198	-9.2938	0	0	0
4.9147	-5.9504	0	0	0
9.1615	-2.6412	0	0	0
-3.4614	-7.0222	1	0	0
-3.8879	7.5330	0	0	1
9.9267	-2.6338	0	0	0
-1.0278	4.4414	0	1	1
7.7239	1.8609	0	1	0
-2.1695	-1.7476	1	0	0
3.9124	-9.9356	0	0	0
2.3918	-2.8901	1	1	0
5.8839	-8.1402	0	0	1
1.7640	-0.3805	1	1	1
2.8465	-8.7029	0	0	0
1.5997	1.2297	1	1	1
1.2132	2.0698	1	1	0
3.5294	6.0998	0	1	1
-4.6036	6.5010	0	0	1
-0.0349	-8.4588	1	0	0
-8.8290	-3.3152	1	0	0
5.6979	4.1536	0	1	1
5.7723	0.3454	0	1	0
-1.1960	-7.0509	1	0	0
-3.4361	-1.3196	1	0	0
-8.2280	-5.5878	1	0	0
1.9645	4.7133	0	1	1
9.9670	8.6623	0	0	0
2.8513	-1.5750	1	1	0
2.7235	5.7130	0	1	1
-7.6333	-1.8019	1	0	0
6.7960	-2.3233	0	1	0
1.4374	1.7554	1	1	1
-6.3105	-2.7553	1	0	0
-3.3098	-9.4761	1	0	0
-9.5162	6.6339	0	0	0
-4.5386	0.3616	1	0	0
-4.0255	8.8136	0	0	1
-4.8141	-1.4069	1	0	0
7.4546	6.8387	0	1	0
-6.2780	6.0529	0	0	0
-0.8363	-0.3406	1	1	1
-7.3304	-8.3880	1	0	1
4.5588	-0.0708	0	1	0
-1.2630	4.5902	0	1	1
5.3103	-6.8218	0	0	0
2.2045	-7.2929	1	0	0
5.0275	3.1391	0	1	1
9.1323	-8.6208	0	0	0
-8.8589	-4.3563	1	0	0