-8.953 -29.045
-1.855 -9.048 
8.024 18.196
0.724 -0.480
7.042 16.176
-3.256 -10.743
-5.097 -18.228
-1.274 -7.218
1.952 2.232
-3.691 -14.103
8.108 20.062
-7.156 -21.689
-9.575 -31.935
1.468 1.072
6.757 18.519
-3.131 -11.992
-5.863 -15.840
0.541 0.074
-3.695 -13.637
5.385 12.143
3.697 10.968
3.333 7.609
-0.278 -4.258
-2.508 -6.254
5.084 13.515
6.403 15.533
-3.263 -8.171
-8.536 -23.977
1.463 1.202
-6.219 -19.968
-9.743 -29.208
-6.142 -18.575
-9.746 -29.125
-2.371 -8.045
-2.096 -7.022
-5.412 -15.910
-3.691 -14.232
-5.786 -18.259
-9.576 -27.710
-7.638 -20.373
-7.614 -20.863
-9.949 -28.939
-0.511 -4.644
-7.295 -24.033
-7.117 -24.004
-9.441 -26.666
7.375 18.986
-3.130 -9.549
-9.060 -24.785
1.462 5.612
-5.004 -14.658
-4.562 -11.776
-4.022 -15.322
-3.735 -10.642
5.443 14.244
-6.942 -18.983
5.077 15.357
-8.222 -22.904
1.468 4.848
-5.593 -19.128
-6.372 -17.146
3.341 7.482
-9.961 -30.739
-4.381 -11.541
-8.539 -27.355
-3.559 -11.733
-6.615 -18.055
-1.093 -4.063
-9.105 -27.231
9.918 27.113
2.026 3.758
3.069 6.325
8.094 20.087
-1.753 -8.767
-3.690 -12.963
5.390 16.466
5.544 16.382
-5.570 -17.019
-0.954 -2.911
-2.759 -10.046
-6.399 -20.785
-0.197 -1.892
-1.790 -6.203
7.510 21.222
6.407 14.736
2.779 7.126
2.116 5.580
-7.236 -22.327
1.494 5.527
-6.214 -18.882
-7.042 -23.322
-3.834 -12.160
-5.984 -18.627
-4.879 -13.509
-8.453 -22.991
-1.585 -6.786
5.406 12.695
5.074 14.630
-6.386 -16.518
-8.751 -26.515