19 19000 0
35 20000 0
26 43000 0
27 57000 0
19 76000 0
27 58000 0
27 84000 0
32 150000 1
25 33000 0
35 65000 0
26 80000 0
26 52000 0
20 86000 0
32 18000 0
18 82000 0
29 80000 0
47 25000 1
45 26000 1
46 28000 1
48 29000 1
45 22000 1
47 49000 1
48 41000 1
45 22000 1
46 23000 1
47 20000 1
49 28000 1
47 30000 1
29 43000 0
31 18000 0
31 74000 0
31 40000 0
31 72000 0
28 44000 0
27 90000 0
32 27000 0
33 28000 0
30 49000 0
26 72000 0
27 31000 0
35 50000 0
35 44000 0
35 75000 0
30 89000 0
24 27000 0
23 28000 0
41 143000 1
43 129000 1
45 121000 1
46 118000 1
48 119000 1
55 125000 1
52 138000 1
58 144000 1
59 143000 1
60 102000 1
55 115000 1
57 122000 1
56 133000 1
58 14000 1
24 55000 0
23 63000 0
31 68000 0
25 87000 0
32 120000 1
33 149000 1
35 108000 1
36 125000 1
39 134000 1
40 142000 1
35 93000 1
37 146000 1
40 71000 1
42 90000 1
43 112000 1
45 79000 1
46 65000 1
48 141000 1
50 88000 1
36 60000 0
42 53000 0
35 25000 0
28 123000 1
24 111000 1
39 73000 1
38 50000 0
37 62000 0
38 71000 0
42 73000 1
37 78000 1
53 34000 1
54 70000 1
55 39000 1
57 43000 1
56 45000 1
30 50000 0
28 85000 0
34 115000 1
30 135000 1
41 52000 0
