-3.00    2.51     
-2.04    0.37     
-1.53    2.54     
-1.52    0.43     
-1.35    2.38     
-1.23    2.24     
-1.12    2.05     
-1.04    1.06     
-0.99    1.95     
-0.83    2.28     
-0.83    1.26     
-0.77    1.88     
-0.72    1.52     
-0.64    2.15     
-0.54    1.73     
-0.49    3.40     
-0.46    2.32     
-0.38    2.63     
-0.25    2.51     
-0.20    1.62     
-0.22    0.85     
-0.17    1.91     
-0.13    0.67     
-0.09    0.07     
-0.08    1.98     
0.02     0.94     
0.11     1.13     
0.17     1.51     
0.21     1.98     
0.29     1.76     
0.22     3.21     
0.44     2.27     
0.48     2.88     
0.61     4.13     
0.69     3.26     
0.74     3.01    
0.82     2.78     
0.99     2.15     
1.12     1.12    
1.15     1.56     
1.19     1.87     
1.13     2.34     
1.18     3.22     
1.23     2.09     
1.26     2.27     
1.31     1.49     
1.31     -0.15    
1.42     1.17     
1.43     1.54     
1.81     2.96    
2.05     2.01     
2.24     1.53    
2.45     4.07     
3.25     -0.22    