-3.00    0.15     
-2.38    -1.40    
-2.06    0.20     
-1.92    -0.84   
-1.57    -1.08    
-1.42    -0.18    
-1.30    -0.45    
-1.24    1.83     
-1.15    -0.62    
-1.18    -1.11    
-1.18    0.34     
-0.98    1.18     
-0.99    -1.05    
-0.99    -1.16    
-1.01    0.19     
-0.89    0.25     
-0.80    0.25     
-0.84    -0.34    
-0.83    -2.07    
-0.78    -0.95   
-0.72    -0.13    
-0.67    0.23     
-0.56    -0.01    
-0.63    -1.10    
-0.52    2.83     
-0.56    0.09     
-0.41    1.21    
-0.37    -0.03   
-0.34    -0.29    
-0.28    -0.19    
-0.26    -0.26    
-0.21    -0.82    
-0.14    0.41     
-0.10    -0.24    
-0.07    -0.12    
-0.02    -0.09    
-0.01    -0.53    
0.01     -0.14   
0.01     -0.81    
0.01     -1.22    
0.01     -1.51    
0.09     -0.74    
0.16     -0.10    
0.25     0.53     
0.29     -0.48    
0.39     -0.61    
0.57     -0.30    
0.59     -0.49    
0.61     1.98     
0.63     2.01  
0.81     1.02     
0.76     -1.74    
1.03     0.11     
1.18     0.07     
1.34     1.34     
1.42     -0.12    
1.92     0.46     
2.09     -1.16    