0.26     4.73     
0.47     3.58     
0.30     2.64    
0.61     3.22     
0.67     3.31     
0.72     2.81     
0.77     3.93     
1.14     4.32     
1.30     4.33     
1.42     4.00     
1.61     5.30     
1.33     2.27    
1.47     2.30     
1.65     3.36     
1.79     2.39     
1.84     2.64     
1.81     3.00    
1.81     3.32     
1.85     4.40     
2.09     5.41     
2.01     4.19     
1.95     3.49     
1.94     3.12     
1.96     2.83     
2.11     3.11     
2.24     3.36     
2.34     5.23     
2.43     5.13     
2.51     4.70     
2.54     4.29     
2.59     4.08     
2.74     3.87     
2.68     3.53     
2.66     2.91     
2.85     3.66     
2.74     3.26     
2.84     2.76     
2.87     2.01     
3.21     4.63     
3.29     4.05     
3.27     3.28     
3.40     3.97     
3.37     3.50     
3.58     3.52     
3.58     3.36     
3.58     3.20     
3.59     2.15     