13.036674	15.535187
13.521148	16.353509
12.209408	15.105697
13.428683	16.905387
12.350503	15.685694
13.087446	16.545070
8.688676	12.832254
9.031428	13.049392
9.830289	11.939529
11.912447	15.030344
11.831413	14.951920
13.609995	16.162065
14.470253	16.768773
12.317660	15.031533
12.507877	15.662414
9.292851	11.098532
12.210904	15.127112
11.437478	14.567779
12.378137	15.236021
11.864118	14.730376
12.566261	15.664623
14.205858	18.008739
11.766864	15.113340
10.763778	13.494555
13.170543	15.880808
13.994137	16.495127
11.985472	14.727665
11.990372	14.779517
11.966922	15.035812
11.251831	13.981707
12.651330	15.589332
11.303462	14.659983
9.005468	11.168928
11.487798	14.519442
12.316898	15.338281
14.212091	18.187260
17.388087	18.787752
13.229351	16.511552
13.362928	16.989938
12.264631	15.164979
12.057448	15.179228
11.939410	14.818744
10.618504	13.009192
11.271566	14.488595
13.596048	16.974536
13.847076	16.177840
13.740222	16.083068
12.180870	15.125927
12.433891	15.825252
11.036322	13.485874
14.571672	17.006866
12.271235	15.391326
13.573643	15.986402
13.261477	16.457990
12.721916	16.113702
10.628880	12.943388
9.620575	11.954154
15.487741	19.811883
9.547643	13.466296
13.333867	17.284374
12.155078	15.127741
10.159241	12.298062
13.110379	16.538215
14.199630	16.620466
12.263850	15.430857
11.566701	14.481699
12.418778	15.222524
12.306033	15.713007
10.541376	13.123765
13.516486	17.300292
9.859680	13.393432
13.012917	15.755785
10.130711	11.927431
11.607648	14.900516
14.456104	16.797814
12.134646	15.084930
11.227981	13.899639
15.253131	17.394926
8.873210	10.609196
10.813536	14.239675
15.560567	17.455501
13.146397	15.709391
9.504191	13.284087
13.866366	17.368829
12.363595	15.185553
12.600896	15.473888
11.194295	13.948246
11.573649	14.728262
12.047827	14.996005
12.652867	15.541559
10.977594	13.668800
13.167458	15.801975
14.916148	17.137722
10.197208	13.847665
11.242554	13.881964
12.046575	15.115619
11.829596	14.573957
7.844036	11.950819
13.017356	15.789462
12.259255	15.283127
14.085912	16.473642
10.485061	13.105245
12.145939	15.325004
15.104525	19.343334
11.797801	14.678625
15.458634	17.414856
9.713040	11.795618
12.626366	16.175805
14.234887	17.655493
12.850712	16.515961
9.202020	13.153377
10.975364	14.202548
10.723335	13.411774
12.079765	14.693966
12.456167	15.514786
12.412844	16.029053
16.167044	17.935461
9.564777	13.262040
9.089223	12.744492
10.907287	14.223537
11.619605	14.758625
10.954500	13.555902
13.461770	16.166060
13.303127	16.822511
11.280339	14.386671
9.320677	13.119280
12.608619	15.406068
11.086600	13.798587
10.113391	12.450689
10.326252	12.668356
12.215032	15.669854
10.748623	14.097565
5.302854	10.458183
10.603392	13.821535
9.398665	13.231037
14.635100	16.665696
11.560448	14.880630
13.519073	17.335576
12.275365	15.385078
11.427045	14.306173
8.338094	9.852217
13.018216	16.021412
10.953342	14.180543
12.987414	16.493142
14.257442	18.141635
11.965679	15.153263
10.125466	12.295622
12.297899	15.367088
12.004399	14.657883
12.013245	14.895097
9.586866	13.281487
16.224195	18.035857
11.711423	14.722585
12.576946	15.748228
11.526376	14.248727
12.946262	15.605872
12.610803	15.518961
13.338823	15.843951
11.981190	14.967494
12.360172	15.223632
11.305942	14.360809
8.770981	12.687203
12.358919	15.331568
12.739900	16.012687
10.362871	12.643193
14.069868	17.608589
12.764323	16.042021
12.877271	16.434674
11.116932	14.152557
6.213457	10.833712
9.924133	13.724759
10.082686	13.714566
13.364906	15.826457
15.416602	19.837243
13.912017	17.658457
14.348448	16.691317
12.005857	15.127406
10.137424	12.391680
13.536590	16.036035
14.493321	18.649320
11.915936	14.953891
11.672287	14.562068
11.263613	14.588480
12.534819	15.515451
13.292680	16.069927
17.567510	18.916049
9.875571	12.188305
14.224285	16.635201
11.728316	14.622131
10.886180	13.409007
16.350985	17.975809
14.099384	16.503619
11.143608	13.709515
12.231841	15.406587
13.546220	16.071499
10.289693	13.762519
11.617491	14.607941
11.956052	14.978681
7.886573	12.042729
9.674946	13.526091
13.230778	15.896385
13.054322	15.979485
9.325410	13.152853
12.259786	15.023761
13.029327	16.284811
13.263483	16.152511
12.890718	15.672305
14.473694	18.457142
10.193001	13.720452
13.511463	17.054808
11.236647	13.720230
11.883673	14.769414
10.692183	14.037722
11.186045	13.795228
14.843301	16.972252
12.944487	16.578689
15.112645	19.032735
10.404010	12.897082
11.961760	14.570052
9.452841	11.208282
12.772387	16.114803
8.621813	12.747801
12.628968	15.853547
13.451255	15.931307
12.878008	15.363109
10.883265	13.331641
11.111852	13.633422
11.638722	14.647852
13.266859	15.879571
10.795950	14.459666
11.231832	13.861029
11.693311	15.051809
14.083280	17.835661
14.032673	18.058291
15.401086	17.458610
16.300823	18.092416
14.900252	17.049329
13.404524	17.004004
14.065030	17.852698
12.877258	15.689909
14.245248	18.320186
12.628640	15.586922
12.784932	15.431165
17.429490	22.197510
12.933296	16.511912
11.770069	14.727346
10.290020	12.531039
12.118968	14.905752
12.036884	15.008681
12.314035	15.565257
14.609786	16.703400
12.635707	15.486790
10.718062	13.226823
15.186592	17.202594
12.105838	15.150599
13.180326	15.872688
11.026519	14.501368
14.136161	16.559797
14.570614	16.711583
11.706282	14.738653
14.875202	19.190041
10.617696	13.016993
13.567646	15.885730
13.917501	17.856521
15.021146	17.182279
12.520514	15.508596
10.575570	14.153895
14.498563	18.888282
13.988556	16.624491
9.942989	12.287975
9.778663	13.428303
14.606723	18.845913
11.251799	14.425259
11.780549	14.671646
12.823599	16.083381
15.253669	19.487663
13.997314	16.324919
10.135114	12.507924
12.792880	15.655832
14.123363	18.030712
13.032393	15.614639
11.997740	15.076053
10.725009	13.967744
10.655595	13.018191
11.961819	14.976674
12.264052	15.067603
11.717853	14.664074
11.371862	14.610483
15.942900	17.746279
10.842941	13.400343
13.553266	17.138222
13.844801	17.978179
11.151706	13.712630
10.671837	12.743441
10.547813	13.133988
8.978714	13.037941
12.338226	15.525132
11.925347	14.901169
11.585107	14.688366
14.164626	16.333848
12.848408	16.227224
9.713888	13.429593
11.622046	14.684347
13.816370	17.838710
12.599421	15.492783
12.075793	14.937430
10.316532	13.849951
10.098556	12.586428
11.695995	14.459210
10.358872	13.970117
13.111783	15.906592
13.492195	17.060530
9.649934	11.662680
13.564227	17.227063
12.541284	15.859198
9.598989	11.824359
13.155840	16.612016
12.706234	15.543773
10.492061	12.967478
11.746543	14.740584
14.278198	16.528251
12.608571	15.300030
9.450662	11.409075
13.598045	16.294920
12.097976	15.271157
14.168600	16.460323
9.933214	11.842877
12.852431	15.860856
14.549017	18.539815
13.270972	17.094906
14.221546	18.248817
12.411992	15.475511
13.209315	16.781997
13.322672	15.957339
9.295640	11.135727
11.536499	14.169973
11.838230	14.518772
12.828560	15.758592
11.723756	14.455420
7.174894	11.681891
10.133867	12.360578
12.704664	15.386592
13.716335	16.363573
12.854185	16.118711
9.751316	11.886520
12.544242	15.196407
11.909733	14.835146
8.656845	12.699081
11.486515	13.849523
12.553255	15.670919
12.568390	15.368621
11.304052	14.570898
9.804348	13.434845
11.915434	14.936583
11.271105	14.456378
15.593992	17.478515
12.094630	15.260351
11.078907	14.310686
9.785955	11.558460
10.681976	14.272155
8.871152	12.953293
12.347988	15.535818
13.674440	16.314988
12.362956	15.190208
10.853899	13.075909
10.741899	13.955405
14.469504	18.589883
7.884050	11.995858
15.417617	19.721842
11.137515	14.215256
11.956326	14.977511
14.402114	16.645732
10.444744	12.718412
13.604804	17.008091
13.833894	17.720527
11.352763	14.579912
12.373487	15.810018
8.094243	12.274282
8.935120	12.875392
14.570183	18.825739
9.958003	13.534984
12.459729	15.531655
9.067272	12.760874
12.431941	15.337314
11.366559	14.389147
13.085894	16.303394
12.798029	16.119121
7.573974	11.790954
12.369078	14.902421
12.918579	16.605014
11.656542	14.865022
12.053044	14.994267
11.473818	14.595631
13.137328	16.606127
11.047650	14.026997
10.030813	12.235662
10.579223	12.977121
9.962510	11.937727
14.509886	18.697513
10.921683	13.707714
13.894791	16.253677
13.288884	16.893000
14.654242	16.976886
14.288167	16.605933
12.432483	15.397076
10.247858	12.355964
16.985572	18.243393
11.089634	13.603227
10.437036	12.795729
10.377152	13.892208
14.443963	16.654266
15.296251	17.452082
10.732336	14.071840
9.989628	12.514342
10.815178	13.654282
12.565122	15.393957
9.608254	11.769639
12.220326	15.141983
13.104349	15.570916
12.021641	15.208624
7.789572	12.031105
12.369086	15.476266
11.605703	14.916515
11.951148	14.800027
12.736548	15.524231
12.381505	15.553909
11.363788	14.455051
14.789433	18.990092
12.357651	15.693716
12.094241	15.125462
11.524657	14.572868
9.477442	13.347463
13.197206	16.721393
13.614424	16.032338
9.742835	11.407382
11.173274	14.541283
11.003805	14.304444
12.291046	15.356287
12.537295	15.985368
12.467107	15.343956
10.267316	13.677466
12.012604	15.154908
9.545005	13.343268
11.763023	14.815552
9.490592	13.302225
11.560634	14.612954
13.306257	16.614389
14.733096	16.775441
9.813432	13.424076
13.456120	16.074323
14.524606	16.860494
13.795137	17.365477
11.381671	14.561578
11.810497	14.871619
11.752537	14.636542
11.586375	14.841315
10.851252	14.076232
14.049250	18.111090
12.317496	15.440544
11.795340	14.524100
14.294373	16.696730
13.737431	17.585399
13.105151	16.605276
10.584488	13.081144
12.806855	15.744630
11.403130	14.376485
13.336060	16.054734
15.064652	17.067611
12.946755	15.556195
9.970320	13.489964
12.837915	16.379847
11.998130	15.286017
11.323335	13.608148
8.040481	9.519196
9.032498	12.904451
10.172308	13.564210
11.414443	14.412061
14.023535	16.530544
11.873514	14.369770
9.149988	10.965317
14.245233	16.659589
13.744187	17.381125
11.582804	14.908566
13.560524	16.242975
11.083169	14.307231
13.371754	16.931522
9.752283	11.908659
11.011937	13.745292
10.904739	14.287606
12.728328	15.640122
10.000658	13.594429
12.401616	15.169025
15.370809	17.379097
9.544825	13.362107
11.356405	14.163750
12.300351	15.246970
14.510086	16.926882
13.026079	15.559094
10.860749	14.084423
11.704062	14.684773