-0.250920 0.901429
-0.687963 -0.688011
-0.883833 0.732352
-0.958831 0.939820
0.664885 -0.575322
-0.636350 -0.633191
0.223706 -0.721012
-0.087860 0.570352
-0.600652 0.028469
0.184829 -0.907099
0.215090 -0.658952
-0.869897 0.897771
0.931264 0.616795
-0.390772 -0.804656
-0.755924 -0.009646
-0.931223 0.818641
0.093421 -0.630291
0.939169 0.550266
0.878998 0.789655
0.195800 0.843748
-0.823015 -0.608034
-0.909545 -0.349339
0.657475 -0.286493
-0.718152 0.604394
-0.850899 0.973774
0.544490 -0.602569
-0.988956 0.630923
0.413715 0.458014
0.542541 -0.851911
-0.283069 -0.768262
0.726207 0.246596
-0.338204 -0.872883
0.774425 -0.055570
-0.760812 0.426490
0.541934 -0.012409
-0.949162 -0.784217
-0.937142 0.272821
0.815133 -0.501416
-0.542404 -0.846040
-0.420497 -0.677557
0.859395 0.616241
0.266808 0.742921
0.607344 -0.626860
0.785118 0.078684
0.614880 0.792183
-0.363993 -0.779896
-0.544130 -0.145784
0.636030 0.721461
-0.986096 0.021495
-0.760269 -0.324770
0.885819 -0.353594
-0.272741 0.943564
0.924895 -0.496435
-0.430319 -0.926226
-0.897042 -0.442707
0.816532 -0.520876
-0.710210 -0.021094
0.971301 -0.515889
-0.524725 0.456433
-0.819420 0.670605
-0.358440 -0.626963
-0.918450 0.181786
0.355129 -0.966824
0.290346 -0.651267
0.873460 -0.724958
-0.317867 -0.773053
0.849387 0.754679
0.634444 0.110402
-0.813794 0.794432
0.800836 0.266203
0.451911 0.794221
0.774173 0.559751
0.284063 -0.831720
-0.676743 0.797108
0.212858 -0.981606
-0.797057 0.327004
-0.989877 -0.678384
0.303923 -0.551461
0.424358 -0.525502
0.299266 0.698447
-0.812650 -0.264568
-0.469595 -0.512021
0.946021 -0.213805
0.784093 0.262277
-0.609514 0.444904
-0.438455 -0.951368
0.290945 -0.645779
0.880917 0.907857
0.829729 -0.259683
-0.969087 0.856637
-0.143632 0.933310
0.927240 0.706019
0.702273 -0.366156
-0.661015 0.113603
0.872310 0.392060
0.140122 -0.805647
0.230014 0.980108
-0.719832 0.036659
0.754746 0.481537
0.618722 0.620227
0.734145 0.826481
0.596590 0.299928
0.403934 0.591585
0.780011 -0.324010
-0.248834 -0.812036
0.156560 -0.928115
-0.939000 -0.925304
0.645201 -0.279619
-0.745879 0.044487
0.539987 -0.568358
0.245781 -0.829305
-0.896637 0.062709
0.452183 0.951704
0.590372 -0.458335
-0.122057 -0.843087
-0.949299 0.925297
0.671960 0.391948
-0.182094 -0.653411
-0.687126 -0.499514
0.909731 0.475794
-0.160800 -0.504538
-0.288055 0.515692
-0.971213 -0.767855
-0.907995 -0.918542
0.710921 0.407316
-0.051652 -0.804332
-0.653596 -0.132297
0.270187 -0.909392
0.006273 0.712980
0.317387 -0.674131
-0.858863 0.284839
-0.946977 0.171551
0.880460 0.150948
0.882930 -0.227795
0.922381 0.810701
-0.608418 -0.861277
-0.798444 -0.963556
-0.811114 0.366014
-0.857623 -0.362049
0.689751 -0.953456
0.628937 -0.436290
-0.763670 0.393474
0.257886 0.754944
0.470142 0.606962
-0.435931 -0.645121
0.501230 0.613669
0.981010 -0.174765
-0.255964 0.552826
-0.318393 0.861515
0.716826 -0.142012
0.501742 0.509086
