0.463988 0.197317
0.202230 0.416145
-0.391516 0.049513
-0.136110 -0.417542
-0.415711 -0.267276
0.368466 -0.119695
-0.482440 0.325045
-0.376578 0.040136
-0.222645 -0.457302
-0.438131 0.085392
-0.378035 -0.349633
0.459212 0.275115
0.521570 0.122554
0.045466 -0.144918
-0.371288 0.017141
-0.179234 0.511102
-0.165178 -0.555784
0.037581 0.406038
-0.005503 -0.398243
0.219129 0.005358
0.344271 0.523239
-0.264434 0.264612
0.267059 0.071549
0.024186 -0.547008
0.381875 -0.226529
-0.484117 0.319968
0.059301 -0.516295
-0.321940 -0.301581
0.097468 0.383790
-0.349201 0.492983
0.315226 0.136617
0.589623 0.005274
0.153808 -0.014965
-0.411102 -0.229805
0.394031 0.404968
-0.281018 -0.412816
0.022685 0.003033
-0.068804 0.085289
-0.426917 0.181667
0.081270 0.274860
0.032601 -0.354087
0.098453 0.429192
0.320395 -0.440132
0.108708 0.223441
-0.016768 -0.053056
-0.202991 0.231700
-0.250775 0.251720
-0.223660 0.286576
-0.083494 0.091234
