32 150000
47 25000
45 26000
46 28000
48 29000
45 22000
47 49000
48 41000
45 22000
46 23000
47 20000
49 28000
47 30000
41 143000
43 129000
45 121000
46 118000
48 119000
55 125000
52 138000
58 144000
59 143000
60 102000
55 115000
57 122000
56 133000
58 14000
32 120000
33 149000
35 108000
36 125000
39 134000
40 142000
35 93000
37 146000
40 71000
42 90000
43 112000
45 79000
46 65000
48 141000
50 88000
28 123000
24 111000
39 73000
42 73000
37 78000
53 34000
54 70000
55 39000
57 43000
56 45000
34 115000
30 135000
