0.485127	-0.106547
-0.126442	0.669894
0.627254	0.648197
-0.207886	-0.198941
-0.222718	1.583526
-0.217336	0.781604
1.517336	0.755458
0.727576	-0.428786
-0.457813	0.536762
0.505672	-0.435773
-0.456672	-0.038596
0.438466	-0.282928
0.219500	-0.871032
-1.393437	0.366551
-1.637375	-0.569420
-0.547146	0.180299
-0.902264	-0.342981
0.281898	0.323528
-0.865660	-1.365313
-0.126435	-1.385458
1.411608	-0.071850
-0.375620	-0.226388
-0.124503	-0.031589
-0.220199	-0.589139
0.518617	-0.551676
0.101783	-0.282613
0.347908	0.404283
-0.596001	-0.640954
-0.575087	-0.588880
-0.893175	0.207019
0.567086	-0.297491
-0.187309	-0.070776
-0.134017	-1.129323
-0.985926	-0.785468
0.199341	1.066497
-0.279624	-0.283120
-0.160172	1.011986
-0.284379	-0.301594
-0.208752	-0.573966
0.718042	0.278508
-1.119047	-0.533221
-0.161046	-0.166671
-1.107870	-0.537335
0.341496	0.316828
-0.171409	-0.771960
0.627725	0.380738
-0.260555	1.380068
0.245842	-0.080509
-0.219502	0.669614
0.327885	0.686522
0.192534	0.070624
-0.241315	0.446860
0.198305	0.187498
-0.370355	1.198424
-0.306121	-0.366723
0.365313	0.170624
0.201633	0.302380
-0.623192	-0.239247
0.100918	0.113063
0.295286	-0.435749
0.640539	1.137883
1.472986	-0.688840
0.122648	0.009385
-1.014271	-0.505322
-0.263531	-0.892978
1.092476	0.812328
-0.083818	-1.171986
1.237201	0.254398
0.123533	-0.640028
-0.374187	0.887298
0.138379	-0.893128
-0.518889	-0.887268
1.139882	-0.298712
-0.038192	-1.198380
1.128388	-0.278381
-0.282928	1.192837
1.238837	0.892838
0.193881	-0.838290
-1.192837	0.388271
0.128391	-0.781827
1.198273	0.388172
-0.128371	1.192838
0.281928	-0.381728
0.192837	0.192837
-1.192837	-0.281827
0.381728	0.882718
-0.281827	-0.192837
0.882718	0.281827
0.192837	-0.381728
-0.381728	0.192837
0.281827	-1.192837
0.882718	0.381728
-0.192837	0.281827
-0.381728	-0.882718
0.192837	0.381728
-1.192837	0.192837
0.281827	-0.381728
0.882718	0.192837
-0.381728	0.281827
0.192837	-0.882718
-0.882718	0.381728
0.281827	0.192837
-0.192837	-1.192837
0.381728	0.281827
-0.882718	-0.381728
0.192837	0.882718
0.281827	-0.192837
-0.381728	0.381728
0.192837	-0.281827
-1.192837	0.882718
0.381728	-0.192837
-0.281827	0.381728
0.882718	-0.882718
-0.192837	0.192837
0.381728	0.281827
-0.281827	-1.192837
0.192837	0.381728
-0.882718	0.882718
0.381728	-0.192837
-0.192837	0.281827
0.281827	-0.381728
-1.192837	0.192837
0.882718	-0.882718
-0.381728	0.381728
0.192837	0.281827
-0.281827	-0.192837
0.381728	-1.192837
-0.882718	0.882718
0.192837	-0.381728
-0.192837	0.192837
0.281827	0.281827
-1.192837	-0.281827
0.882718	0.381728
-0.381728	-0.882718
0.192837	0.192837
-0.281827	0.381728
0.381728	-0.192837
-0.882718	0.281827
0.192837	-1.192837
-0.192837	0.882718
0.281827	-0.381728
-1.192837	0.192837
0.882718	0.281827
-0.381728	-0.281827
0.192837	0.381728
-0.281827	-0.882718
0.381728	0.192837
-0.882718	0.281827
0.192837	-0.192837
-0.192837	-1.192837
0.281827	0.882718
-1.192837	-0.381728
0.882718	0.192837
-0.381728	0.281827
0.192837	-0.281827
-0.281827	0.381728
0.381728	-0.882718
-0.882718	0.192837
0.192837	0.281827
-0.192837	-0.192837
0.281827	-1.192837
-1.192837	0.882718
0.882718	-0.381728
-0.381728	0.192837
0.192837	0.281827
-0.281827	-0.281827
0.381728	0.381728
-0.882718	-0.882718
0.192837	0.192837
-0.192837	0.281827
0.281827	-0.192837
-1.192837	-1.192837
0.882718	0.882718
-0.381728	-0.381728
0.192837	0.192837
-0.281827	0.281827
0.381728	-0.281827
-0.882718	0.381728
0.192837	-0.882718
-0.192837	0.192837
0.281827	0.281827
-1.192837	-0.192837
0.882718	-1.192837
-0.381728	0.882718
0.192837	-0.381728
-0.281827	0.192837
0.381728	0.281827
-0.882718	-0.281827
0.192837	0.381728
-0.192837	-0.882718
0.281827	0.192837
-1.192837	0.281827
0.882718	-0.192837
-0.381728	-1.192837
0.192837	0.882718
-0.281827	-0.381728
0.381728	0.192837
-0.882718	0.281827
0.192837	-0.281827
-0.192837	0.381728
0.281827	-0.882718
-1.192837	0.192837
0.882718	0.281827
-0.381728	-0.192837
0.192837	-1.192837
-0.281827	0.882718
0.381728	-0.381728
-0.882718	0.192837
0.192837	0.281827
-0.192837	-0.281827
0.281827	0.381728
-1.192837	-0.882718
0.882718	0.192837
-0.381728	0.281827
0.192837	-0.192837
-0.281827	-1.192837
0.381728	0.882718
-0.882718	-0.381728
0.192837	0.192837
-0.192837	0.281827
0.281827	-0.281827
-1.192837	0.381728
0.882718	-0.882718
-0.381728	0.192837
0.192837	0.281827
-0.281827	-0.192837
0.381728	-1.192837
-0.882718	0.882718
0.192837	-0.381728
-0.192837	0.192837
0.281827	0.281827
-1.192837	-0.281827
0.882718	0.381728
-0.381728	-0.882718
0.192837	0.192837
-0.281827	0.381728
0.381728	-0.192837
-0.882718	0.281827
0.192837	-1.192837
-0.192837	0.882718
0.281827	-0.381728
-1.192837	0.192837
0.882718	0.281827
-0.381728	-0.281827
0.192837	0.381728
-0.281827	-0.882718
0.381728	0.192837
-0.882718	0.281827
0.192837	-0.192837
-0.192837	-1.192837
0.281827	0.882718
-1.192837	-0.381728
0.882718	0.192837
-0.381728	0.281827
0.192837	-0.281827
-0.281827	0.381728
0.381728	-0.882718
-0.882718	0.192837
0.192837	0.281827
-0.192837	-0.192837
0.281827	-1.192837
-1.192837	0.882718
0.882718	-0.381728
-0.381728	0.192837
0.192837	0.281827
-0.281827	-0.281827
0.381728	0.381728
-0.882718	-0.882718
0.192837	0.192837
-0.192837	0.281827
0.281827	-0.192837
-1.192837	-1.192837
0.882718	0.882718
-0.381728	-0.381728
0.192837	0.192837
-0.281827	0.281827
0.381728	-0.281827
-0.882718	0.381728
0.192837	-0.882718
-0.192837	0.192837
0.281827	0.281827
-1.192837	-0.192837
0.882718	-1.192837
-0.381728	0.882718
0.192837	-0.381728
-0.281827	0.192837
0.381728	0.281827
-0.882718	-0.281827
0.192837	0.381728
-0.192837	-0.882718
0.281827	0.192837
-1.192837	0.281827
0.882718	-0.192837
-0.381728	-1.192837
0.192837	0.882718
-0.281827	-0.381728
0.381728	0.192837
-0.882718	0.281827
0.192837	-0.281827
-0.192837	0.381728
0.281827	-0.882718
-1.192837	0.192837
0.882718	0.281827
-0.381728	-0.192837
0.192837	-1.192837
-0.281827	0.882718
0.381728	-0.381728
-0.882718	0.192837
0.192837	0.281827
-0.192837	-0.281827
0.281827	0.381728
-1.192837	-0.882718
0.882718	0.192837
-0.381728	0.281827
0.192837	-0.192837
-0.281827	-1.192837
0.381728	0.882718
-0.882718	-0.381728
0.192837	0.192837
-0.192837	0.281827
0.281827	-0.281827
-1.192837	0.381728
0.882718	-0.882718
-0.381728	0.192837
0.192837	0.281827
-0.281827	-0.192837
0.381728	-1.192837
-0.882718	0.882718
0.192837	-0.381728
-0.192837	0.192837
0.281827	0.281827
-1.192837	-0.281827
0.882718	0.381728
-0.381728	-0.882718
0.192837	0.192837
-0.281827	0.381728
0.381728	-0.192837
-0.882718	0.281827
0.192837	-1.192837
-0.192837	0.882718
0.281827	-0.381728
-1.192837	0.192837
0.882718	0.281827
-0.381728	-0.281827
0.192837	0.381728
-0.281827	-0.882718
0.381728	0.192837
-0.882718	0.281827
0.192837	-0.192837
-0.192837	-1.192837
0.281827	0.882718
-1.192837	-0.381728
0.882718	0.192837
-0.381728	0.281827
0.192837	-0.281827
-0.281827	0.381728
0.381728	-0.882718
-0.882718	0.192837
0.192837	0.281827
-0.192837	-0.192837
0.281827	-1.192837
-1.192837	0.882718
0.882718	-0.381728
-0.381728	0.192837
0.192837	0.281827
-0.281827	-0.281827
0.381728	0.381728
-0.882718	-0.882718
0.192837	0.192837
-0.192837	0.281827
0.281827	-0.192837
-1.192837	-1.192837
0.882718	0.882718
-0.381728	-0.381728
0.192837	0.192837
-0.281827	0.281827
0.381728	-0.281827
-0.882718	0.381728
0.192837	-0.882718
-0.192837	0.192837
0.281827	0.281827
-1.192837	-0.192837
0.882718	-1.192837
-0.381728	0.882718
0.192837	-0.381728
-0.281827	0.192837
0.381728	0.281827
-0.882718	-0.281827
0.192837	0.381728
-0.192837	-0.882718
0.281827	0.192837
-1.192837	0.281827
0.882718	-0.192837
-0.381728	-1.192837
0.192837	0.882718
-0.281827	-0.381728
0.381728	0.192837
-0.882718	0.281827
0.192837	-0.281827
-0.192837	0.381728
0.281827	-0.882718
-1.192837	0.192837
0.882718	0.281827
-0.381728	-0.192837
0.192837	-1.192837
-0.281827	0.882718
0.381728	-0.381728
-0.882718	0.192837
0.192837	0.281827
-0.192837	-0.281827
0.281827	0.381728
-1.192837	-0.882718
0.882718	0.192837
-0.381728	0.281827
0.192837	-0.192837
-0.281827	-1.192837
0.381728	0.882718
-0.882718	-0.381728
0.192837	0.192837
-0.192837	0.281827
0.281827	-0.281827
-1.192837	0.381728
0.882718	-0.882718
-0.381728	0.192837
0.192837	0.281827
-0.281827	-0.192837
0.381728	-1.192837
-0.882718	0.882718
0.192837	-0.381728
-0.192837	0.192837
0.281827	0.281827
-1.192837	-0.281827
0.882718	0.381728
-0.381728	-0.882718
0.192837	0.192837
-0.281827	0.381728
0.381728	-0.192837
-0.882718	0.281827
0.192837	-1.192837
-0.192837	0.882718
0.281827	-0.381728
-1.192837	0.192837
0.882718	0.281827
-0.381728	-0.281827
0.192837	0.381728
-0.281827	-0.882718
0.381728	0.192837
-0.882718	0.281827
0.192837	-0.192837
-0.192837	-1.192837
0.281827	0.882718
-1.192837	-0.381728
0.882718	0.192837
-0.381728	0.281827
0.192837	-0.281827
-0.281827	0.381728
0.381728	-0.882718
-0.882718	0.192837
0.192837	0.281827
-0.192837	-0.192837
0.281827	-1.192837
-1.192837	0.882718
0.882718	-0.381728
-0.381728	0.192837
0.192837	0.281827
-0.281827	-0.281827
0.381728	0.381728
-0.882718	-0.882718
0.192837	0.192837
-0.192837	0.281827
0.281827	-0.192837
-1.192837	-1.192837
0.882718	0.882718
-0.381728	-0.381728
0.192837	0.192837
-0.281827	0.281827
0.381728	-0.281827
-0.882718	0.381728
0.192837	-0.882718
-0.192837	0.192837
0.281827	0.281827
-1.192837	-0.192837
0.882718	-1.192837
-0.381728	0.882718
0.192837	-0.381728
-0.281827	0.192837
0.381728	0.281827
-0.882718	-0.281827
0.192837	0.381728
-0.192837	-0.882718
0.281827	0.192837
-1.192837	0.281827
0.882718	-0.192837
-0.381728	-1.192837
0.192837	0.882718
-0.281827	-0.381728
0.381728	0.192837
-0.882718	0.281827