4.176383855087982	2.019525146102646
-5.900081957081799	-7.479581128139969
6.73356556505099	1.8664050323318089
4.744596655618821	-0.2956423757991988
-6.123068976601688	-5.997027324759193
2.969044595663542	-1.115105681608597
-4.7916043727946125	-0.1344872521370099
-6.972657006797855	1.3115424306303805
-3.696105529038437	4.7609456101950105
-3.03420865722282	-0.7164776146911809
-7.81407136147039	-6.840849795287058
-1.720103097493043	-0.3209786445260238
1.6003287699088595	-3.3333987406511483
3.1197101780246808	5.761958355027273
4.477615822293597	-7.366098794426286
-0.3118888438747369	-6.321117145309202
-4.1272797461995605	7.786601492274343
-5.720071313575788	-0.0177895447783029
1.8904917490899056	3.239439528705663
0.9543789357906256	-7.843666441293061
