# Signal_1	Signal_2
# Cấu trúc: 500 điểm dữ liệu chữ X (20°) tăng phương sai (sigma_along=3.2, sigma_perp=0.45) tại C(12.0, 15.0)
# -----------------------------------------------------------------------------------------------
14.167242	16.603230
10.791180	14.532382
15.659243	17.534033
14.375573	16.125439
11.794049	15.533340
13.099129	16.573085
11.728235	16.093168
12.528159	15.603380
15.420369	17.505937
15.041504	18.383510
12.396538	15.186583
7.990121	12.493136
11.325439	13.802653
10.695590	13.465899
12.548758	15.454158
11.889098	15.562069
15.109155	17.252133
12.038837	15.041111
10.880747	13.809931
9.365653	13.184707
10.215388	11.728329
13.363039	15.567516
12.988671	16.165765
14.309663	16.952576
11.340728	14.317398
12.220313	15.920977
11.933787	14.968307
11.643870	13.930735
12.755662	16.371499
13.595868	18.123139
8.609576	12.990196
13.763963	17.109312
12.928774	15.302883
13.177039	15.241145
13.924134	16.735391
10.438534	12.345173
12.533779	15.275306
12.436196	15.379599
13.530706	16.359260
14.319179	16.955864
10.063145	12.183259
8.434875	13.141134
19.214024	19.926663
10.697592	14.168221
12.517207	16.349573
14.486782	17.145247
14.413345	17.423298
10.271201	14.088443
9.853849	14.980027
12.300288	15.478586
13.822128	17.539727
11.281080	14.250966
12.656531	16.536802
12.909427	16.744827
9.850206	13.564627
8.977751	12.613764
8.593676	12.055075
9.961818	13.144217
9.555067	12.709406
10.057393	14.085754
10.644316	14.205887
14.530162	16.082068
9.314358	12.958485
9.626689	13.759425
12.950926	14.842927
12.265118	16.407425
15.113638	19.660046
6.566830	11.812856
14.343465	16.757391
12.254794	15.924196
14.313483	18.805414
13.596102	15.775220
8.770154	10.174653
14.654441	15.852226
8.432788	9.792116
12.840368	16.280721
10.276076	12.465178
10.865648	13.239621
10.599599	13.383937
12.644803	15.817389
7.786099	12.743863
8.784835	12.928491
8.836873	11.783348
7.713484	12.216764
14.360055	17.145700
11.799082	13.640797
10.773946	14.741974
10.810613	14.901157
8.414774	9.676529
14.575367	17.088474
13.863265	15.895098
12.021889	15.229496
15.025298	17.264847
10.836234	14.134318
14.222745	19.363728
14.198454	15.849666
10.151093	12.763917
14.629650	17.898821
16.739384	17.578447
11.321072	13.819019
13.275542	17.319142
8.776132	10.626063
13.429096	16.099119
10.512748	13.449231
9.073913	10.016227
11.585899	14.539437
12.647880	16.619630
13.006682	15.662911
16.526485	17.868063
12.886884	15.956788
12.438141	15.718540
10.173229	12.828242
13.744470	16.671550
9.561575	11.842930
14.231763	16.877490
13.563898	16.171614
12.785082	14.574506
14.414035	16.619502
12.052105	14.892818
10.500393	13.243769
9.858906	12.031147
8.993014	13.531645
16.665276	20.483024
11.717756	14.779364
11.229052	14.842531
16.595407	17.978206
14.011152	19.176951
11.357605	14.307523
12.078530	15.615406
12.258876	16.065539
9.084214	12.640736
11.549012	14.378227
9.833024	12.567167
13.309029	15.974219
13.204143	15.599330
11.058861	14.893803
10.825964	14.704494
12.769388	16.715298
14.177380	17.167876
11.707460	14.053251
13.644872	16.609835
13.608264	17.303450
12.767605	16.314002
14.190827	19.270444
13.470620	15.049740
15.343897	18.301098
13.756129	16.374035
12.399290	14.489757
16.145469	20.349751
13.645405	18.394791
9.695400	10.971435
9.630852	13.597142
8.971515	12.717366
12.543056	15.915228
11.341154	14.356029
11.937802	15.040826
8.587341	11.435448
12.497959	15.922122
16.053450	21.872702
10.507065	14.582921
6.282742	11.562465
11.751991	14.854975
14.871974	16.609968
15.592471	17.157013
13.213398	15.632170
15.248662	16.542894
11.627591	14.883690
11.864405	13.943857
12.525514	15.714604
12.991951	17.006913
14.957591	16.913701
12.734372	15.577755
14.956856	17.012416
11.826815	14.680659
12.044189	15.959221
11.158790	13.533078
11.129628	14.936146
16.473315	17.692174
12.558550	14.807933
10.184918	11.178950
14.543965	19.395644
8.522219	9.506469
10.717524	14.747960
10.991943	14.795593
8.769350	10.498173
11.542856	14.574734
16.285591	18.387707
14.431747	19.184755
13.617777	17.336289
8.268353	11.346481
12.445404	14.617924
12.464300	14.575021
11.251890	13.830194
15.334980	18.555409
15.492202	18.809307
12.591454	15.870330
12.519191	15.171833
12.173023	14.316449
13.426898	16.823895
14.002644	16.418797
17.477447	22.736825
12.532419	15.644466
12.097577	14.598429
8.274166	11.235713
10.481167	14.231443
14.109089	17.121061
12.804102	15.607953
14.313975	17.029659
14.076484	15.800592
15.398988	19.083013
13.555655	17.370898
13.401991	16.420137
11.385864	12.811326
10.479855	13.807214
10.662014	13.585853
8.455289	11.979679
11.999433	16.087231
15.042874	17.175932
13.249807	16.441078
15.766678	17.859519
10.551994	13.654467
11.938250	14.964582
7.889834	13.099040
11.031159	14.329552
16.137998	17.813286
15.806230	17.083519
5.960170	10.576933
10.695048	12.820038
7.309069	9.297347
9.234797	12.271374
15.151178	16.546357
13.412231	16.388356
11.639690	15.729928
13.130808	15.833958
13.117243	16.660656
10.572102	13.838994
10.195555	13.477414
13.413174	16.890888
9.099553	11.700829
10.594651	14.991024
13.928268	15.913838
15.120497	19.221096
14.173506	17.635127
9.869350	12.063207
3.409925	9.010387
13.554344	17.268998
15.919569	16.640782
10.946505	14.895550
10.350903	12.918226
12.270669	15.218722
14.562230	17.327019
13.366417	15.063375
12.862157	17.097637
10.881528	13.818174
10.575520	13.160924
12.547526	16.476252
10.846963	13.432822
13.342167	16.846098
15.428787	19.589537
14.095567	17.425026
9.197118	12.861913
11.490554	15.341654
11.439754	15.387285
13.157528	17.710823
11.167279	15.298836
11.223620	14.383612
14.277662	16.991649
9.803980	11.673165
10.764488	14.284540
5.389994	9.237997
13.956702	16.237966
14.207191	18.755568
12.121873	13.702232
7.536132	9.149981
5.933176	11.323225
14.203986	15.557021
8.974657	12.714768
12.439263	15.011993
11.038309	14.985056
11.844081	15.060355
9.295202	11.319859
11.784729	13.611152
11.895417	13.907799
12.010177	13.802419
10.567322	14.876571
9.368981	13.204732
10.347983	13.149635
11.885737	15.106684
11.800766	13.825365
10.385603	13.844558
10.139188	13.558448
13.209098	17.361173
14.154599	18.118405
10.990600	13.492073
17.412823	18.921324
11.724700	13.743625
12.204729	15.312936
11.709907	14.409120
10.839233	13.970234
11.125946	13.659678
13.040019	16.485062
13.871133	17.868222
9.466603	10.145306
15.977100	17.408075
13.614096	15.350186
9.993070	12.270063
12.087014	15.602928
10.846499	12.951019
14.830626	17.552374
15.375560	17.242409
12.201711	15.880636
14.140105	15.939329
11.279105	14.006998
15.104478	18.255570
11.981584	14.908407
10.973048	13.927819
9.690870	12.434222
10.216080	13.980394
13.839126	16.966079
13.156628	17.662899
14.554002	18.797858
12.243368	15.486312
8.310324	12.325097
13.718021	17.633127
12.480274	15.670670
10.925066	14.623122
13.225520	16.533515
12.311013	16.219230
11.815253	14.508001
11.928063	15.404468
16.435615	18.340176
14.078035	17.161284
10.963805	14.071270
12.673817	16.237309
13.058546	16.165645
15.613074	20.018453
13.749878	16.966912
10.399851	12.690038
14.002201	18.604622
14.251838	17.171660
18.135714	19.646018
6.591226	8.669470
13.426452	14.917224
8.449373	12.470021
13.106228	15.822808
10.751227	12.769100
12.441832	14.897404
11.618598	14.415557
16.542585	20.818691
11.796685	14.242440
8.270979	9.406037
13.502861	18.668590
12.939207	16.283382
14.884084	17.004965
12.024832	14.000978
11.462288	14.862992
11.766915	15.482431
11.612815	14.679644
12.398592	16.141474
11.182266	15.283848
11.667399	14.463876
11.652106	15.423006
12.181222	15.557701
12.528589	16.026333
14.594046	19.136614
10.340108	14.107339
11.089189	14.152528
11.721707	14.483009
11.685604	15.942490
12.459232	15.029078
13.199462	15.291024
12.547606	15.111303
12.887594	15.386178
11.119380	14.308878
11.801211	14.608734
6.242792	7.914263
17.156374	22.079593
17.157798	18.966045
12.125379	13.867972
13.833510	17.169132
15.253329	19.719609
7.192966	12.385015
15.556330	17.113716
12.606176	16.714890
13.161462	15.487160
10.242637	13.203961
14.806225	20.488886
10.313050	12.935774
11.276732	14.255183
12.109660	14.392623
11.959749	14.445973
10.346905	12.101553
10.555518	14.049099
12.634745	16.806518
15.085339	17.047515
14.827565	16.006300
9.817689	13.421386
6.468296	11.329200
9.924367	12.102341
9.506854	14.258035
12.743231	15.568974
15.054752	18.726718
8.425935	12.845078
10.978280	14.486430
7.748982	9.747179
8.240444	12.018424
11.755321	14.708225
15.765139	16.850679
14.425157	16.187771
18.185615	21.693131
10.792210	13.974558
14.133118	19.685592
11.430730	14.529722
15.424553	19.810726
13.797460	16.055381
16.154941	20.476475
11.084707	14.535290
10.139994	11.452521
8.829917	13.392752
11.162757	13.044331
11.961851	16.754547
10.939623	14.096504
14.474362	18.081448
12.012273	15.078233
12.512187	15.283556
10.404056	12.795367
19.598115	19.322371
11.173096	13.827970
13.803340	18.692532
12.070198	15.194490
16.191991	18.164898
12.139007	15.214334
12.796552	15.765804
15.746010	17.795222
15.594621	17.713393
17.413694	18.677061
8.882770	12.707162
11.574757	14.553993
12.687309	15.239010
14.249481	17.210147
13.423692	16.097405
11.961274	13.903112
9.017311	13.109802
9.977617	13.988149
12.569149	15.375382
13.991087	17.382632
11.800786	14.781704
11.654582	12.776449
14.027402	18.090324
10.465513	13.727036
9.456554	13.546993
10.923445	14.415297
11.295470	15.398729
11.489103	14.976875
9.780501	14.697617
13.843881	17.785011
12.865699	15.180091
11.671649	14.548944
11.514996	16.006381
10.415557	13.204878
11.630561	12.993077
13.327364	17.853040
12.705246	16.666175
10.678343	14.644377
12.414222	14.241475
10.741820	13.315015
12.042830	15.700458
13.587465	15.697625
13.193058	15.990696
10.417443	13.864556
12.520168	15.386803
11.930265	15.407213
13.021850	15.547803
15.661380	16.360262
12.108261	14.460189
13.418383	16.857306
16.595058	22.518718
11.043900	15.032907
6.393606	11.559823
6.810542	11.253963
16.201945	20.976206
8.224938	12.848284
13.792938	17.546308
12.632283	15.364711
9.287531	12.365978
13.670226	15.817873
12.305406	15.260203
9.522059	11.701874
13.525356	16.885125
14.146472	16.111134
11.783615	14.908261
10.553759	13.362885
11.601784	13.841704
17.391045	18.285225
13.956240	18.007136
17.232706	19.142824
11.626146	15.304871
12.915639	17.119971
7.248162	12.281334
10.944075	12.751519
