1 26.973805
2 24.168959
3 21.943410
4 20.066591
5 18.423699
6 16.954876
7 15.626587
8 14.418121
9 13.315212
10 12.307004
11 11.384596
12 10.540321
13 9.767392
14 9.059698
15 8.411697
16 7.818335
17 7.274997
18 6.777462
19 6.321867
20 5.904675
21 5.522649
22 5.172825
23 4.852488
24 4.559152
25 4.290543
26 4.044574
27 3.819339
28 3.613089
29 3.424224
30 3.251279
31 3.092911
32 2.947893
33 2.815098
34 2.693497
35 2.582145
36 2.480180
37 2.386809
38 2.301309
39 2.223015
40 2.151321
41 2.085671
42 2.025553
43 1.970504
44 1.920094
45 1.873934
46 1.831664
47 1.792958
48 1.757514
49 1.725058
50 1.695337
51 1.668122
52 1.643200
53 1.620380
54 1.599483
55 1.580347
56 1.562824
57 1.546779
58 1.532085
59 1.518631
60 1.506310
61 1.495028
62 1.484697
63 1.475237
64 1.466574
65 1.458641
66 1.451377
67 1.444726
68 1.438635
69 1.433057
70 1.427950
71 1.423273
72 1.418990
73 1.415068
74 1.411477
75 1.408189
76 1.405177
77 1.402420
78 1.399895
79 1.397583
80 1.395465
81 1.393527
82 1.391751
83 1.390125
84 1.388637
85 1.387274
86 1.386025
87 1.384882
88 1.383835
89 1.382877
90 1.381999
91 1.381195
92 1.380459
93 1.379786
94 1.379168
95 1.378603
96 1.378086
97 1.377612
98 1.377178
99 1.376781
100 1.376417
101 1.376084
102 1.375779
103 1.375499
104 1.375243
105 1.375009
106 1.374795
107 1.374598
108 1.374418
109 1.374253
110 1.374103
111 1.373965
112 1.373838
113 1.373722
114 1.373616
115 1.373519
116 1.373430
117 1.373349
118 1.373274
119 1.373206
120 1.373143
121 1.373086
122 1.373034
123 1.372986
124 1.372942
125 1.372901
126 1.372865
127 1.372831
128 1.372800
129 1.372772
130 1.372746
131 1.372722
132 1.372700
133 1.372680
134 1.372662
135 1.372645
136 1.372630
137 1.372616
138 1.372603
139 1.372592
140 1.372581
141 1.372571
142 1.372562
143 1.372554
144 1.372546
145 1.372539
146 1.372533
147 1.372527
148 1.372522
149 1.372517
150 1.372512
151 1.372508
152 1.372505
153 1.372501
154 1.372498
155 1.372495
156 1.372493
157 1.372490
158 1.372488
159 1.372486
160 1.372484
161 1.372482
162 1.372481
163 1.372479
164 1.372478
165 1.372477
166 1.372476
167 1.372475
168 1.372474
169 1.372473
170 1.372472
171 1.372472
172 1.372471
173 1.372470
174 1.372470
175 1.372469
176 1.372469
177 1.372469
178 1.372468
179 1.372468
180 1.372467
181 1.372467
182 1.372467
183 1.372467
184 1.372466
185 1.372466
186 1.372466
187 1.372466
188 1.372466
189 1.372466
190 1.372465
191 1.372465
192 1.372465
193 1.372465
194 1.372465
195 1.372465
196 1.372465
197 1.372465
198 1.372465
199 1.372465
200 1.372465
201 1.372465
202 1.372465
203 1.372465
204 1.372465
205 1.372464
206 1.372464
207 1.372464
208 1.372464
209 1.372464
210 1.372464
211 1.372464
212 1.372464
213 1.372464
214 1.372464
215 1.372464
216 1.372464
217 1.372464
218 1.372464
219 1.372464
220 1.372464
221 1.372464
222 1.372464
223 1.372464
224 1.372464
225 1.372464
226 1.372464
227 1.372464
228 1.372464
229 1.372464
230 1.372464
231 1.372464
232 1.372464
233 1.372464
234 1.372464
235 1.372464
236 1.372464
237 1.372464
238 1.372464
239 1.372464
240 1.372464
241 1.372464
242 1.372464
243 1.372464
244 1.372464
245 1.372464
246 1.372464
247 1.372464
248 1.372464
249 1.372464
250 1.372464
251 1.372464
252 1.372464
253 1.372464
254 1.372464
255 1.372464
256 1.372464
257 1.372464
258 1.372464
259 1.372464
260 1.372464
261 1.372464
262 1.372464
263 1.372464
264 1.372464
265 1.372464
266 1.372464
267 1.372464
268 1.372464
269 1.372464
270 1.372464
271 1.372464
272 1.372464
273 1.372464
274 1.372464
275 1.372464
276 1.372464
277 1.372464
278 1.372464
279 1.372464
280 1.372464
281 1.372464
282 1.372464
283 1.372464
284 1.372464
285 1.372464
286 1.372464
287 1.372464
288 1.372464
289 1.372464
290 1.372464
291 1.372464
292 1.372464
293 1.372464
294 1.372464
295 1.372464
296 1.372464
297 1.372464
298 1.372464
299 1.372464
300 1.372464
301 1.372464
302 1.372464
303 1.372464
304 1.372464
305 1.372464
306 1.372464
307 1.372464
308 1.372464
309 1.372464
310 1.372464
311 1.372464
312 1.372464
313 1.372464
314 1.372464
315 1.372464
316 1.372464
317 1.372464
318 1.372464
319 1.372464
320 1.372464
321 1.372464
322 1.372464
323 1.372464
324 1.372464
325 1.372464
326 1.372464
327 1.372464
328 1.372464
329 1.372464
330 1.372464
331 1.372464
332 1.372464
333 1.372464
334 1.372464
335 1.372464
336 1.372464
337 1.372464
338 1.372464
339 1.372464
340 1.372464
341 1.372464
342 1.372464
343 1.372464
344 1.372464
345 1.372464
346 1.372464
347 1.372464
348 1.372464
349 1.372464
350 1.372464
351 1.372464
352 1.372464
353 1.372464
354 1.372464
355 1.372464
356 1.372464
357 1.372464
358 1.372464
359 1.372464
360 1.372464
361 1.372464
362 1.372464
363 1.372464
364 1.372464
365 1.372464
366 1.372464
367 1.372464
368 1.372464
369 1.372464
370 1.372464
371 1.372464
372 1.372464
373 1.372464
374 1.372464
375 1.372464
376 1.372464
377 1.372464
378 1.372464
379 1.372464
380 1.372464
381 1.372464
382 1.372464
383 1.372464
384 1.372464
385 1.372464
386 1.372464
387 1.372464
388 1.372464
389 1.372464
390 1.372464
391 1.372464
392 1.372464
393 1.372464
394 1.372464
395 1.372464
396 1.372464
397 1.372464
398 1.372464
399 1.372464
400 1.372464
401 1.372464
402 1.372464
403 1.372464
404 1.372464
405 1.372464
406 1.372464
407 1.372464
408 1.372464
409 1.372464
410 1.372464
411 1.372464
412 1.372464
413 1.372464
414 1.372464
415 1.372464
416 1.372464
417 1.372464
418 1.372464
419 1.372464
420 1.372464
421 1.372464
422 1.372464
423 1.372464
424 1.372464
425 1.372464
426 1.372464
427 1.372464
428 1.372464
429 1.372464
430 1.372464
431 1.372464
432 1.372464
433 1.372464
434 1.372464
435 1.372464
436 1.372464
437 1.372464
438 1.372464
439 1.372464
440 1.372464
441 1.372464
442 1.372464
443 1.372464
444 1.372464
445 1.372464
446 1.372464
447 1.372464
448 1.372464
449 1.372464
450 1.372464
451 1.372464
452 1.372464
453 1.372464
454 1.372464
455 1.372464
456 1.372464
457 1.372464
458 1.372464
459 1.372464
460 1.372464
461 1.372464
462 1.372464
463 1.372464
464 1.372464
465 1.372464
466 1.372464
467 1.372464
468 1.372464
469 1.372464
470 1.372464
471 1.372464
472 1.372464
473 1.372464
474 1.372464
475 1.372464
476 1.372464
477 1.372464
478 1.372464
479 1.372464
480 1.372464
481 1.372464
482 1.372464
483 1.372464
484 1.372464
485 1.372464
486 1.372464
487 1.372464
488 1.372464
489 1.372464
490 1.372464
491 1.372464
492 1.372464
493 1.372464
494 1.372464
495 1.372464
496 1.372464
497 1.372464
498 1.372464
499 1.372464
500 1.372464